26.0192175	6.08975716998189E-5
26.1890259	6.07587440291144E-5
26.34498785	6.06048433896301E-5
26.50325105	6.04376054101161E-5
26.6716547	6.03163772998392E-5
26.83809565	6.01516800682992E-5
27.00439835	6.00202146118467E-5
27.1634207	5.98504834595547E-5
27.3241358	5.97222683353109E-5
27.4921198	5.95666855741206E-5
27.6583376	5.94225027742816E-5
27.82801345	5.92716794873E-5
27.994072	5.91286109048227E-5
28.16072085	5.90176093332508E-5
28.32494355	5.88736360350994E-5
28.48742865	5.87410808935872E-5
28.65042015	5.85864463819531E-5
28.80680845	5.84638816216507E-5
28.973794	5.83146454486598E-5
29.146843	5.82161921636052E-5
29.30811885	5.80682756307459E-5
29.46860505	5.79592961341141E-5
29.6336775	5.78009266961498E-5
29.79231455	5.76619721973076E-5
29.9537592	5.75394913215441E-5
30.11568735	5.74213155187715E-5
30.2814798	5.72696245857485E-5
30.455883	5.71468548937197E-5
30.61587715	5.70287604693037E-5
32.3715363	5.57883155178174E-5
32.4480629	5.56786365178887E-5
32.5939579	5.55450754118846E-5
32.7587395	5.544792097446E-5
32.9165306	5.53523823641632E-5
33.0738792	5.52066749796263E-5
33.23612975	5.50977839075296E-5
33.41129305	5.49984492710421E-5
33.57787895	5.4844880308077E-5
33.7341232	5.47165006550399E-5
33.8985462	5.46521442828903E-5
34.06581115	5.45279917970221E-5
34.23465345	5.44371564616765E-5
34.39907835	5.42910066963132E-5
34.5613613	5.4230351718764E-5
34.72296715	5.40895856045987E-5
34.8876171	5.39991176491566E-5
35.0487976	5.38474693857194E-5
35.21045495	5.37620106233937E-5
35.372385	5.36329244612629E-5
35.52999115	5.35363229175299E-5
35.6955872	5.34223004681514E-5
35.8626156	5.33282574984519E-5
36.02500345	5.31986567869439E-5
36.18727495	5.30752664524795E-5
36.35154915	5.29833249276224E-5
36.51303675	5.28815767227944E-5
36.67528725	5.28002777444901E-5
36.84272195	5.26863297465909E-5
37.00867465	5.25772393789898E-5
37.1643467	5.2496289029431E-5
37.3241081	5.23784544002324E-5
37.49163055	5.22612338674192E-5
37.65953255	5.21651086518188E-5
37.8208141	5.20531642549546E-5
37.98070715	5.19590576004978E-5
38.14183425	5.18565114429825E-5
38.3040352	5.17493862707966E-5
38.47075465	5.16525231948258E-5
38.628891	5.15569698037732E-5
38.7852516	5.14705166673087E-5
38.95382115	5.13638564222146E-5
39.12166405	5.1265516052824E-5
39.28504375	5.11700689535932E-5
39.45224765	5.10479172793203E-5
39.60639765	5.09503948875134E-5
39.7623234	5.08956046187943E-5
39.93149185	5.07730318614255E-5
40.09739875	5.06986711272151E-5
40.26204875	5.05811433561892E-5
40.42740445	5.05086891919112E-5
40.5841675	5.04415698701902E-5
40.74469565	5.03809725097458E-5
40.90940095	5.02493808739573E-5
41.0706711	5.01677856507271E-5
41.23083305	5.00817347724427E-5
42.9438171	4.91809479797524E-5
43.02335735	4.90951021446258E-5
43.1791019	4.90121585217671E-5
43.3367157	4.89326026374386E-5
43.49590875	4.88344887264708E-5
43.6571064	4.87870662904883E-5
43.82133295	4.86820260574202E-5
43.9847145	4.86070295226355E-5
44.14650345	4.8509237064384E-5
44.30332375	4.84304965604298E-5
44.4670429	4.83196775960173E-5
44.6245041	4.82867687619017E-5
44.78382305	4.82487424643488E-5
44.9512997	4.81350847512905E-5
45.09596635	4.80454964713895E-5
45.2488537	4.79491324246258E-5
45.4144516	4.78688349513083E-5
45.5732994	4.77988760261032E-5
45.74414445	4.77228159483101E-5
45.91345595	4.76101482922189E-5
46.07046125	4.75458420060339E-5
46.2324314	4.74785917515821E-5
46.3881798	4.73751720625899E-5
46.54740335	4.73249350369416E-5
46.71897315	4.72425730127144E-5
46.88562395	4.71854729167998E-5
47.04184725	4.70735863272629E-5
47.20111275	4.70321217297428E-5
47.35357855	4.6940325536395E-5
47.5086193	4.68670918185565E-5
47.6770077	4.67800733910001E-5
47.8402481	4.67009091466675E-5
48.01128195	4.66523357388937E-5
48.16967585	4.65535941067829E-5
48.33000565	4.64869141949112E-5
48.4860725	4.64291550677167E-5
48.64565275	4.63666906000935E-5
48.8187237	4.6270937012213E-5
48.9673672	4.62131663910924E-5
49.12239075	4.60830853856567E-5
49.299284	4.60586376753065E-5
49.46449855	4.59676721471019E-5
49.62420275	4.58951907959925E-5
49.77680015	4.5835846941714E-5
49.94117545	4.57685512636663E-5
50.1135273	4.57115502649371E-5
50.27095795	4.56095457617132E-5
50.42268375	4.55488282929105E-5
50.5856991	4.54762206466514E-5
50.7456894	4.53980281493371E-5
50.90545465	4.53605495622778E-5
51.0787449	4.52713561513969E-5
51.2392521	4.52253599093044E-5
51.4024658	4.51156518919125E-5
51.5665016	4.50895344501092E-5
51.72517395	4.50085977566609E-5
53.3866959	4.43299346698729E-5
53.415144	4.43050569199751E-5
53.5120087	4.42157591990316E-5
53.65817265	4.41796247539851E-5
53.8065701	4.41026766812282E-5
53.9652405	4.40542252208207E-5
54.13596725	4.39714717796402E-5
54.29434395	4.39101565981707E-5
54.4412422	4.38523187699786E-5
54.59418485	4.3792949091922E-5
54.7691879	4.369752474761E-5
54.9336452	4.36389780583426E-5
55.0845451	4.36511867407317E-5
55.24825665	4.35733695055272E-5
55.4146671	4.35072854168291E-5
55.57248305	4.34398779047978E-5
55.732502	4.33998366951634E-5
55.9049969	4.32908734966638E-5
56.07483485	4.32702131300912E-5
56.2343388	4.32025494003045E-5
56.3898354	4.314072974228E-5
56.548172	4.3069231027325E-5
56.7080116	4.30134896437053E-5
56.86232375	4.29612152448622E-5
57.02879525	4.2895846616594E-5
57.19994735	4.28242049479216E-5
57.3586731	4.27799407366952E-5
57.5220833	4.27100412389801E-5
57.67560385	4.26777860212162E-5
57.83330915	4.26020392890676E-5
57.9997673	4.25590066567431E-5
58.16109465	4.25246686068242E-5
58.3223743	4.2440747546624E-5
58.48483275	4.23924268257725E-5
58.6492634	4.23336252629634E-5
58.8065567	4.22508611102307E-5
58.96846005	4.22354189340131E-5
59.13277625	4.2142685390906E-5
59.2879658	4.21010307311249E-5
59.4447327	4.20525762278418E-5
59.61413575	4.19685025901754E-5
59.78591535	4.19221694252325E-5
59.9506912	4.19003325945581E-5
60.10861205	4.18248035415915E-5
60.2567291	4.17539502443118E-5
60.40881915	4.17116201488847E-5
60.5761013	4.16397889941016E-5
60.740284	4.15841430890486E-5
60.9020367	4.1564563939691E-5
61.0724831	4.1482372616175E-5
61.24121285	4.14306383224295E-5
61.40221975	4.13874079040101E-5
61.56145285	4.13486411923485E-5
61.71286775	4.12883303438364E-5
61.8661671	4.1237587888924E-5
62.0278473	4.11954416721698E-5
62.1955967	4.11270269228948E-5
63.8876648	4.06038211409208E-5
63.9786415	4.05904500599794E-5
64.1495781	4.05215181555572E-5
64.311306	4.04759742561876E-5
64.4629364	4.04161901474741E-5
64.6244965	4.03682618149113E-5
64.7946167	4.03030444430093E-5
64.94629665	4.02690124316798E-5
65.10555645	4.02251540484267E-5
65.26956555	4.01600051282505E-5
65.42947385	4.01312355817656E-5
65.58889005	4.00697191549448E-5
65.7484474	4.00079852829276E-5
65.91758725	3.9975951036892E-5
66.0861053	3.99485834517153E-5
66.24742885	3.98634681604505E-5
66.39915465	3.98453873820325E-5
66.555851	3.97710453865155E-5
66.72270965	3.97359975949695E-5
66.88233185	3.96568638737322E-5
67.0400505	3.96775149446771E-5
67.20494075	3.9600629539304E-5
67.37405775	3.95385813639053E-5
67.54113005	3.95209926783334E-5
67.7059288	3.94420396994456E-5
67.8652878	3.94110169014965E-5
68.01813505	3.93748731668086E-5
68.17173	3.93225190029824E-5
68.33684155	3.92864035288172E-5
68.50305555	3.92254207596308E-5
68.6619606	3.91822309627179E-5
68.82326125	3.91106923854162E-5
68.98469925	3.90769582966298E-5
69.1467934	3.90532968727612E-5
69.3070717	3.90201895405414E-5
69.47864915	3.89547692658481E-5
69.64392475	3.88914883511334E-5
69.79750065	3.88820211110759E-5
69.9683037	3.88093599695678E-5
70.1284523	3.88037297619793E-5
70.28007125	3.87687915135615E-5
70.44530105	3.86842827449364E-5
70.6126213	3.86451902203347E-5
70.7748718	3.86222966554337E-5
70.9337463	3.8560334296081E-5
71.09415435	3.84954571357255E-5
71.2554169	3.84804140330277E-5
71.4211731	3.8429144743688E-5
71.58169175	3.83956163327985E-5
71.74739075	3.836497181869E-5
71.9208984	3.82957122570692E-5
72.0771179	3.82765953288738E-5
72.2399292	3.82436647909006E-5
72.40735625	3.81829644002771E-5
72.567173	3.81657156819961E-5
72.72779085	3.8091224783626E-5
74.4381409	3.77304518288963E-5
74.51179505	3.76989172463337E-5
74.66770555	3.76803741665952E-5
74.8278313	3.7598768522811E-5
74.9881363	3.75938756182923E-5
75.15399935	3.75583848476628E-5
75.31855775	3.7487692007195E-5
75.4817848	3.74363258711085E-5
75.6408119	3.74387039941002E-5
75.80307385	3.73890385529378E-5
75.96788405	3.73300604661829E-5
76.1329155	3.72806447647739E-5
76.295372	3.72626247760605E-5
76.4560814	3.72224045289611E-5
76.61789325	3.71700075914687E-5
76.77764895	3.71482145868288E-5
76.94005585	3.71232138789848E-5
77.09849165	3.70634513794809E-5
77.2602501	3.70326399819555E-5
77.42979815	3.69854947118044E-5
77.5937042	3.69406396189688E-5
77.75267025	3.6889589182504E-5
77.9173622	3.68493700406165E-5
78.08148195	3.67861473140841E-5
78.24369815	3.67707213970768E-5
78.4098282	3.67450783605938E-5
78.56388475	3.67181579270422E-5
78.7195969	3.66655825695773E-5
78.88827515	3.66305346872889E-5
79.0511322	3.65821925117712E-5
79.2159958	3.65296713361691E-5
79.3789177	3.65042178141497E-5
79.5390282	3.64758755789235E-5
79.6966782	3.64466534389824E-5
79.86161805	3.6397048592942E-5
80.03487015	3.63451981882141E-5
80.19553375	3.63385060527098E-5
80.35298155	3.62782029985047E-5
80.51872635	3.62439870281511E-5
80.679451	3.61980551059118E-5
80.8389168	3.61920304017565E-5
81.00465395	3.61310076766954E-5
81.166214	3.60926183532258E-5
81.32867815	3.60598621361811E-5
81.49204255	3.6004374019053E-5
81.6562996	3.59926252923419E-5
81.8207245	3.59661382020708E-5
81.97649385	3.59238582940747E-5
82.1458435	3.59009213225795E-5
82.3160553	3.58483334123799E-5
82.47054295	3.57923969275391E-5
82.63183215	3.57847567860369E-5
82.79685975	3.57341539179621E-5
82.962368	3.57127728806849E-5
83.11906815	3.56689601580348E-5
83.2731209	3.56361474653049E-5
84.98672485	3.5291568253086E-5
85.07632445	3.52401251292603E-5
85.23451615	3.52035905028246E-5
85.40065765	3.51878502218639E-5
85.5639496	3.51621388974068E-5
85.7261658	3.51134577400242E-5
85.886776	3.50850279931949E-5
86.0474701	3.50949458376554E-5
86.2124939	3.50385868631713E-5
86.378212	3.50022976417771E-5
86.543705	3.49634248798226E-5
86.7066307	3.49300071873253E-5
86.8680954	3.49056029526353E-5
87.03401565	3.48671992404072E-5
87.20051575	3.48102725829513E-5
87.35964205	3.4786664138853E-5
87.5180435	3.4758232547986E-5
87.68328475	3.47371360694763E-5
87.8487778	3.46914736740885E-5
88.00778965	3.46481414690312E-5
88.17325975	3.463926831451E-5
88.3425102	3.45952551935808E-5
88.5046997	3.4601516700125E-5
88.6665993	3.45493552755228E-5
88.8298302	3.45283100519511E-5
88.9875069	3.45128618576545E-5
89.1405678	3.44844398751831E-5
89.3073616	3.44512809327529E-5
89.4737396	3.44087181460493E-5
89.63831325	3.43322454403293E-5
89.80663295	3.43361962040392E-5
89.9668388	3.43179005740832E-5
90.1281242	3.42633716376201E-5
90.29260635	3.42217580277852E-5
90.459198	3.41599532148072E-5
90.6199112	3.41758638214509E-5
90.77611545	3.41629172239592E-5
90.9430275	3.40869232106639E-5
91.10598375	3.4061356693634E-5
91.26851275	3.40758427383207E-5
91.4369583	3.40116491285399E-5
91.5872383	3.39757041075467E-5
91.74406435	3.39517913219608E-5
91.9156685	3.39133740687459E-5
92.0783348	3.389652860703E-5
92.2377472	3.38440904403546E-5
92.3969765	3.3838679034605E-5
92.56100085	3.38008742556511E-5
92.72499465	3.3800064654962E-5
92.89806745	3.37565365280164E-5
93.06058885	3.37243059658248E-5
93.2146149	3.36745260266002E-5
93.3717728	3.36703017824358E-5
93.53940205	3.36415271095365E-5
93.71455385	3.35937888680453E-5
93.8648987	3.35541418663084E-5
95.5806999	3.3276410971098E-5
95.60778045	3.32463774891449E-5
95.69425965	3.32000728732302E-5
95.83560945	3.3234954003485E-5
95.98934935	3.31888627513825E-5
96.1584282	3.31510159277317E-5
96.32789615	3.31565398895244E-5
96.4958649	3.31088862170036E-5
96.66445545	3.30856243497461E-5
96.8167572	3.30627820656981E-5
96.98007965	3.30105442077634E-5
97.15984345	3.29902899113438E-5
97.32165145	3.29452733434537E-5
97.48044205	3.29359294472529E-5
97.6475792	3.29216728866676E-5
97.8146248	3.28898908781374E-5
97.96414185	3.2869795992949E-5
98.1170807	3.28155649783072E-5
98.29197695	3.27930766446869E-5
98.4600296	3.27541479026971E-5
98.62361145	3.2730094599305E-5
98.7788086	3.27063023319808E-5
98.9292793	3.26578912964515E-5
99.09631345	3.26771576927847E-5
99.2601547	3.26457981343267E-5
99.42960355	3.26095816210509E-5
99.60764695	3.25888107810155E-5
99.7771416	3.25904750506342E-5
99.93826675	3.25663464613702E-5
100.09296035	3.24911150101693E-5
100.26464845	3.24476620201738E-5
100.43025205	3.24446413506006E-5
100.5800781	3.24156442204768E-5
100.75190735	3.24174180724203E-5
100.92718125	3.23855880005783E-5
101.08501815	3.23383517585653E-5
101.2429428	3.23602031627025E-5
101.4091072	3.22958721524146E-5
101.57253645	3.22909629942517E-5
101.73893735	3.22383125285047E-5
101.9096069	3.2223741023471E-5
102.0842857	3.22166737559198E-5
102.2512741	3.21985074549752E-5
102.4047623	3.21608154284285E-5
102.57506565	3.21420024503748E-5
102.7480278	3.21086385726055E-5
102.90107725	3.20969971086534E-5
103.06030655	3.20684742562181E-5
103.23083495	3.2044356862936E-5
103.4058609	3.20281390763314E-5
103.56744385	3.20008083635837E-5
103.7325096	3.19880678064432E-5
103.908432	3.19718601984347E-5
104.06335065	3.19384284297583E-5
104.2158508	3.19228583149438E-5
104.3813133	3.18717087619312E-5
106.1283188	3.16705675826522E-5
106.21899795	3.16184752883511E-5
106.3843765	3.15885035349273E-5
106.5431137	3.15397698801677E-5
106.7137375	3.15498065202821E-5
106.88132095	3.15154594449611E-5
107.04575345	3.14997253946962E-5
107.21632765	3.14964423099001E-5
107.3868637	3.14619662488791E-5
107.54491425	3.14282214458827E-5
107.71284485	3.13970348794083E-5
107.8879852	3.1365487718886E-5
108.04751205	3.13170122985447E-5
108.2061272	3.1313441539339E-5
108.3698807	3.12861464689214E-5
108.5395279	3.12699394802594E-5
108.7030716	3.1259175551801E-5
108.86445235	3.12251894450683E-5
109.0306816	3.11907179734937E-5
109.19779585	3.11728013503774E-5
109.37117	3.11967974660606E-5
109.54107665	3.11292784319965E-5
109.70090485	3.10908161175222E-5
109.860466	3.10960687285459E-5
110.03779985	3.10693427960449E-5
110.2039299	3.10376573014888E-5
110.35973355	3.10288985092567E-5
110.5281677	3.09700582502142E-5
110.70220565	3.09700580154495E-5
110.8683586	3.09549285880137E-5
111.02381515	3.09316147362064E-5
111.1897621	3.08989598361858E-5
111.3553619	3.08953067006694E-5
111.527359	3.0869182096293E-5
111.69413375	3.08357620855251E-5
111.85054015	3.08121930407574E-5
112.01602935	3.07994889513078E-5
112.18159485	3.07621202645471E-5
112.34544375	3.07361583014755E-5
112.51085665	3.07470101878352E-5
112.6762886	3.07295101672891E-5
112.8419151	3.06719080535275E-5
113.01195525	3.06668276905125E-5
113.1789627	3.06420466170082E-5
113.3420906	3.0614672448382E-5
113.5188408	3.05917682070295E-5
113.6872635	3.05922688863836E-5
113.8516197	3.05816823653368E-5
114.01676175	3.05183395348483E-5
114.17523955	3.05036434323076E-5
114.34776685	3.04706517927734E-5
114.5209465	3.04368878921419E-5
114.6799126	3.0466863374946E-5
114.83883285	3.04688394470578E-5
115.0078697	3.04232531654184E-5
116.7605438	3.02270754858435E-5
116.83836745	3.01661140326914E-5
117.0005226	3.01543635393939E-5
117.17015455	3.01431370355394E-5
117.34332655	3.01170065792004E-5
117.5066757	3.00969119924556E-5
117.66667935	3.00780687590476E-5
117.83322525	3.00557226010407E-5
117.9976082	3.00268688677494E-5
118.1604347	2.99700628600732E-5
118.33144375	2.99677629417211E-5
118.50253675	2.99343552132579E-5
118.6681633	2.99238991269556E-5
118.83226775	2.99107601072592E-5
118.9981842	2.99220035440868E-5
119.16267395	2.9869498275281E-5
119.3249664	2.98333026930439E-5
119.49487305	2.98383137638335E-5
119.66772845	2.98138548448543E-5
119.83741	2.97702276239422E-5
119.99314885	2.97768106720355E-5
120.15324405	2.9760176845253E-5
120.32395935	2.97495185777E-5
120.4954376	2.97360947727494E-5
120.65787505	2.97290953763074E-5
120.8172531	2.96745537386053E-5
120.9859123	2.96570710871551E-5
121.15524675	2.96383064260877E-5
121.32612995	2.95937318089701E-5
121.4970589	2.95883552746587E-5
121.6635933	2.9582790288963E-5
121.82463455	2.95484199854982E-5
121.98744965	2.95168605751393E-5
122.15821455	2.95184401403201E-5
122.322731	2.95212734099582E-5
122.48407745	2.94622190233401E-5
122.6503601	2.94539249480525E-5
122.8183212	2.94496348355607E-5
122.9908981	2.94318170440164E-5
123.1550636	2.93931516271122E-5
123.31573865	2.93745179422468E-5
123.47580335	2.9343437987646E-5
123.6420288	2.93538687890282E-5
123.81757355	2.93239598014932E-5
123.98552705	2.93018849240184E-5
124.1440506	2.92895135186846E-5
124.3158798	2.927411845749E-5
124.48077775	2.92080676280785E-5
124.6453667	2.92336835667101E-5
124.8188324	2.91910476990727E-5
124.98636245	2.92255977365114E-5
125.15076065	2.91908901771696E-5
125.31051255	2.91541104600845E-5
125.4728203	2.9139152637907E-5
125.6401024	2.9098002708646E-5
127.4301834	2.89334475927067E-5
127.4937668	2.88815419962749E-5
127.6395836	2.89053091510067E-5
127.8065529	2.88694022048248E-5
127.97581865	2.88539523604497E-5
128.13791655	2.88524242099689E-5
128.30442045	2.88061917317203E-5
128.47680665	2.87880283802845E-5
128.63678745	2.87906702217977E-5
128.80226135	2.87761405238454E-5
128.9714279	2.87309610619169E-5
129.13946535	2.87167620758431E-5
129.30057525	2.87003494029734E-5
129.45682525	2.86920359135681E-5
129.6262436	2.86863206639387E-5
129.79878235	2.86933156698064E-5
129.96992495	2.8624150555376E-5
130.13691715	2.86351410907047E-5
130.2918625	2.85916005324309E-5
130.45645905	2.85599525889004E-5
130.6344757	2.85206969744613E-5
130.79618835	2.85289353388113E-5
130.9563599	2.85051920574826E-5
131.13014225	2.84789472323803E-5
131.3057938	2.85068491921252E-5
131.4703064	2.84902803572343E-5
131.63278195	2.84783026719055E-5
131.8017044	2.84241926473734E-5
131.9665146	2.83693860422042E-5
132.13240815	2.83911649025803E-5
132.29408265	2.83967290047217E-5
132.45305635	2.8341164673869E-5
132.62438965	2.83569005938054E-5
132.79013825	2.83345823499941E-5
132.95632175	2.83120943784397E-5
133.13095855	2.82692184759145E-5
133.2920532	2.82848117612002E-5
133.45207215	2.82810280886357E-5
133.625412	2.82257680954331E-5
133.79919435	2.82258793864082E-5
133.96427155	2.81902895268502E-5
134.12459565	2.8180938239117E-5
134.29519655	2.8191580124427E-5
134.46484375	2.81563635844873E-5
134.63022615	2.81327164630769E-5
134.7971802	2.81329867221407E-5
134.9649353	2.81182271007004E-5
135.13207245	2.80686766734314E-5
135.29875185	2.8095700446935E-5
135.46764375	2.80368584729206E-5
135.63233185	2.80254221866061E-5
135.79873655	2.80101246245128E-5
135.96671295	2.80073225974026E-5
136.13169865	2.79961700370275E-5
136.29382325	2.79785978916227E-5
138.0965271	2.78353559548369E-5
138.1630249	2.78092014472078E-5
138.3055191	2.77791852450829E-5
138.4695511	2.77569503746582E-5
138.64374545	2.77544658511834E-5
138.810524	2.77244362159449E-5
138.97734835	2.77193172065239E-5
139.1489029	2.76887673147706E-5
139.3091583	2.76632536385568E-5
139.4745712	2.76421050939552E-5
139.6399002	2.76359330718915E-5
139.78951265	2.76270912610571E-5
139.96630095	2.76190391873778E-5
140.1465759	2.76087322498796E-5
140.307045	2.75616993563787E-5
140.46250155	2.75759392065995E-5
140.6206131	2.75452022223608E-5
140.8011551	2.75313016417217E-5
140.9808426	2.75450766798034E-5
141.13531495	2.74882738060568E-5
141.2953644	2.74782225916452E-5
141.4763031	2.74725146756954E-5
141.63763425	2.74571599420014E-5
141.79824065	2.74566710659337E-5
141.9736786	2.74325750751769E-5
142.1464157	2.7407428976178E-5
142.31028745	2.73432629792071E-5
142.4652481	2.73545723588613E-5
142.62506865	2.73520552855967E-5
142.8003311	2.73428548142312E-5
142.9825821	2.72964922023778E-5
143.15402225	2.73045661194424E-5
143.3199387	2.72635781574115E-5
143.4849396	2.72859737948956E-5
143.6409836	2.72685502575086E-5
143.8051834	2.7254492205045E-5
143.98005675	2.72209370819446E-5
144.1456833	2.7218473199965E-5
144.31197355	2.72323333275277E-5
144.4689941	2.71639618175993E-5
144.62889095	2.71667915022068E-5
144.79469295	2.71815524547934E-5
144.96136475	2.71543094426466E-5
145.1303711	2.71149085766866E-5
145.29595945	2.7124646102311E-5
145.47045135	2.7111160801431E-5
145.64245605	2.7076138224783E-5
145.80261995	2.70655460086555E-5
145.9646454	2.70520122909806E-5
146.1412277	2.70211804406457E-5
146.30794525	2.70364286394564E-5
146.47692875	2.70199141149501E-5
146.655365	2.699131126012E-5
146.8183899	2.69783352391173E-5
148.5815277	2.67953307006413E-5
148.6575012	2.67754579320039E-5
148.80413055	2.67518907697996E-5
148.95870975	2.67555499224904E-5
149.12466435	2.67775074710875E-5
149.29688265	2.67186627365046E-5
149.4705658	2.67209242637762E-5
149.63694765	2.67281702186046E-5
149.7924271	2.67038521240931E-5
149.9593964	2.66638299709197E-5
150.13334655	2.66583008155988E-5
150.3002777	2.66705339282512E-5
150.45739745	2.66476190939925E-5
150.6124191	2.66466189038337E-5
150.78144075	2.65966631660577E-5
150.95703125	2.66101699637002E-5
151.13076015	2.65751705204224E-5
151.28557585	2.65900666079222E-5
151.4451523	2.65770970883025E-5
151.61642455	2.65717001686764E-5
151.7871246	2.65568603924299E-5
151.9486389	2.65364785620948E-5
152.1127472	2.65098483929753E-5
152.28643035	2.65015157315964E-5
152.45104215	2.64569198825565E-5
152.6079788	2.64650840756824E-5
152.7672958	2.64477643971408E-5
152.9330139	2.6458403759712E-5
153.10886385	2.64431828001672E-5
153.2748871	2.63876707810736E-5
153.43938445	2.64099110521872E-5
153.61598205	2.637394236006E-5
153.77279665	2.63795232420541E-5
153.9267807	2.63601246667739E-5
154.10158535	2.6345951823613E-5
154.2675476	2.63318225930271E-5
154.4335022	2.63288518068366E-5
154.5953674	2.6307323782183E-5
154.75012205	2.6305478342637E-5
154.9282913	2.62488647033087E-5
155.09358215	2.62675695715067E-5
155.25151825	2.62136168723743E-5
155.42570495	2.62558887060346E-5
155.5875397	2.62175259186565E-5
155.7516785	2.62298674919117E-5
155.91720585	2.61960426335566E-5
156.08010105	2.6213273691904E-5
156.2528229	2.61614839199907E-5
156.41318515	2.61726845978035E-5
156.5695572	2.61513461891947E-5
156.7429199	2.6149646374977E-5
156.9166336	2.61422920418184E-5
157.0740433	2.61022118512309E-5
157.23280335	2.60813689220023E-5
157.39733885	2.60590778250731E-5
159.134079	2.59532102191079E-5
159.23059085	2.59454126167843E-5
159.39245605	2.5926648760933E-5
159.55984495	2.59180187026942E-5
159.7292328	2.58880487405258E-5
159.89237975	2.58737496393006E-5
160.0655899	2.58523572414835E-5
160.2404175	2.58682998397923E-5
160.39920045	2.58556849724766E-5
160.55838015	2.58495114594672E-5
160.72394565	2.58502646088253E-5
160.88813785	2.5855918857058E-5
161.05149845	2.57801025942182E-5
161.21737675	2.57911889879103E-5
161.39154055	2.58003168876257E-5
161.55737305	2.57389222944379E-5
161.7211838	2.57367615081077E-5
161.8857193	2.57399061866425E-5
162.04673765	2.57342880604003E-5
162.21422575	2.57109935667243E-5
162.37992855	2.56904059324053E-5
162.54634855	2.5696288684077E-5
162.7103729	2.5677778428394E-5
162.8779602	2.56242776666518E-5
163.0433121	2.56281874063658E-5
163.21379855	2.56620081412949E-5
163.3777924	2.56533899853579E-5
163.5362778	2.55976708112472E-5
163.7045746	2.56043718337702E-5
163.8760834	2.55470930308982E-5
164.03673555	2.55653684294206E-5
164.20056915	2.55392735598431E-5
164.3745346	2.55201326683237E-5
164.5424423	2.55274633679591E-5
164.70339965	2.54956633232186E-5
164.8622513	2.54749687742508E-5
165.02887725	2.54860304036185E-5
165.199646	2.54538056484997E-5
165.3679047	2.54990669351527E-5
165.53203585	2.54673421507568E-5
165.694397	2.54105967010395E-5
165.8622742	2.54235869284578E-5
166.030983	2.54492852812049E-5
166.1928406	2.53977505418837E-5
166.3639221	2.54136080349954E-5
166.52353665	2.53881630053921E-5
166.69206235	2.53718624487045E-5
166.86294555	2.53521808468648E-5
167.0205765	2.53388638137708E-5
167.1958008	2.53709708803705E-5
167.3624344	2.53381362690211E-5
167.5178604	2.52881924859601E-5
167.6817703	2.52886566143619E-5
167.8520279	2.53038792398322E-5
168.01745605	2.52651224960356E-5
169.7822418	2.51266633115283E-5
169.85373685	2.5147155039462E-5
170.01213835	2.51291745093435E-5
170.1807022	2.51505151240972E-5
170.34968565	2.51321060516533E-5
170.513649	2.50978657363268E-5
170.67431645	2.50945156621495E-5
170.84585575	2.50695020917061E-5
171.00709535	2.50617630450221E-5
171.16534425	2.50269655401693E-5
171.33156585	2.50243524083436E-5
171.50152585	2.50160735760035E-5
171.67209625	2.49920592660136E-5
171.8396454	2.50016742367533E-5
172.0106659	2.49824118706924E-5
172.1698456	2.5005455539842E-5
172.3265152	2.50014153977643E-5
172.4935379	2.4970523401107E-5
172.66798405	2.49460811372419E-5
172.8386841	2.49109441598018E-5
173.0049362	2.49089540115202E-5
173.1623001	2.48882044493516E-5
173.32024385	2.48842453881394E-5
173.48575595	2.4866646854613E-5
173.65503695	2.48969385531936E-5
173.8293915	2.48513947972174E-5
173.99835205	2.48412446756404E-5
174.1626434	2.48672520958595E-5
174.3250961	2.48381382593308E-5
174.4888687	2.48132466109054E-5
174.64881895	2.4853217929484E-5
174.81272125	2.48106986956874E-5
174.9831772	2.48056958335476E-5
175.153862	2.47673586539745E-5
175.32387545	2.47472519433808E-5
175.4880753	2.47245669020697E-5
175.65158845	2.47479039795254E-5
175.82424165	2.47419222313968E-5
175.99300385	2.47008702815229E-5
176.1592865	2.47104470450182E-5
176.3206406	2.46974482079199E-5
176.47934725	2.46884789366133E-5
176.65353395	2.46930230428146E-5
176.83208465	2.46538835758228E-5
177.00232695	2.46747472961901E-5
177.165802	2.46494554908725E-5
177.3299713	2.46254784999219E-5
177.49546815	2.46056351052829E-5
177.6561356	2.45915516305414E-5
177.80750275	2.45743258824791E-5
177.96981045	2.46106540181658E-5
178.1379318	2.45915231317244E-5
178.3067398	2.45478505440807E-5
178.4790497	2.45541355404016E-5
178.6401062	2.4532151284072E-5
180.4002075	2.44280495739955E-5
180.4768524	2.44546836652217E-5
180.63974	2.44631784168413E-5
180.80306245	2.4385601394286E-5
180.9691696	2.44283770728666E-5
181.13700105	2.43823771979862E-5
181.3034363	2.44187586511376E-5
181.4742279	2.4397009702542E-5
181.6401062	2.44025497619876E-5
181.796196	2.43622504655334E-5
181.95561985	2.43821432676779E-5
182.12100985	2.43232125228341E-5
182.29262545	2.43324944450206E-5
182.4575043	2.43480195421916E-5
182.6225815	2.42990011734533E-5
182.79327395	2.43088746238947E-5
182.9559784	2.42882583568738E-5
183.12324525	2.42979111629927E-5
183.2826233	2.42413193824727E-5
183.44381715	2.42615620339731E-5
183.60816195	2.43222968802368E-5
183.77365875	2.42258938764907E-5
183.94153595	2.42449948349416E-5
184.1081009	2.41878738638922E-5
184.2784424	2.42315402531129E-5
184.44274905	2.41957371149682E-5
184.60253905	2.41708149192184E-5
184.77347565	2.41936805981086E-5
184.9463425	2.41984539800904E-5
185.1112671	2.4144682071154E-5
185.27832795	2.41933715094223E-5
185.4447174	2.41277515394016E-5
185.5935745	2.41094016066179E-5
185.7573547	2.41274685728358E-5
185.93832395	2.40937651715761E-5
186.10460665	2.40619127644352E-5
186.2663727	2.4072884730147E-5
186.432045	2.40669411317882E-5
186.60139465	2.41137610138483E-5
186.76932525	2.40474031912191E-5
186.9246216	2.40164919138039E-5
187.0836487	2.4069765845597E-5
187.26101685	2.40241660996468E-5
187.4208374	2.40367127163443E-5
187.59183505	2.40194712537192E-5
187.76747895	2.40080099947872E-5
187.92425535	2.3986895170162E-5
188.09057615	2.39646015782153E-5
188.2611694	2.39570234180191E-5
188.4339523	2.3975173997934E-5
188.59656525	2.39559145535468E-5
188.76010895	2.391102691859E-5
188.9179382	2.39414644978914E-5
189.08426665	2.38788855362767E-5
189.24705505	2.39314991591308E-5
191.0342102	2.38268588756619E-5
191.10279845	2.37930501752912E-5
191.2464447	2.37701999925808E-5
191.40125275	2.37237178727623E-5
191.5729599	2.38008141829116E-5
191.73954775	2.37678632034021E-5
191.90511325	2.37606269269107E-5
192.06897735	2.37600860517485E-5
192.23698425	2.37018023183647E-5
192.4033356	2.37330351983519E-5
192.565094	2.36961297246405E-5
192.7308273	2.36762228809632E-5
192.90144345	2.37226334325835E-5
193.0656738	2.36830568150734E-5
193.2285385	2.36178737993052E-5
193.39613345	2.36675885269317E-5
193.5653992	2.36291657279695E-5
193.7429657	2.36354115124411E-5
193.89390565	2.36430287293596E-5
194.04823305	2.36279490699807E-5
194.2180176	2.36277842130984E-5
194.38401035	2.36488809823464E-5
194.5478897	2.36046352807499E-5
194.71155545	2.35843102295615E-5
194.87789915	2.35868760854236E-5
195.05758665	2.3557130508695E-5
195.2340698	2.35575424671146E-5
195.39486695	2.35619961640944E-5
195.56102755	2.35469278101544E-5
195.71925355	2.35564549131945E-5
195.87648775	2.3508472009843E-5
196.0471802	2.35152685482486E-5
196.2087021	2.35038539896396E-5
196.3820343	2.34892648280566E-5
196.5504074	2.34779727869667E-5
196.7144394	2.34546844819891E-5
196.8883362	2.34554959480669E-5
197.0541153	2.34432790461964E-5
197.21349335	2.34729508153226E-5
197.370903	2.34625548537877E-5
197.5398483	2.34248353521102E-5
197.70729065	2.33793827576095E-5
197.87924195	2.33931009374242E-5
198.0523071	2.33910643395114E-5
198.2062683	2.33946417615415E-5
198.36070255	2.3402418985184E-5
198.5286026	2.33745362021379E-5
198.6974182	2.3357011865131E-5
198.87294005	2.33270160318526E-5
199.04570005	2.33408822959973E-5
199.19818115	2.3333323707773E-5
199.35803985	2.3354796415315E-5
199.52627565	2.33120884499401E-5
199.6926041	2.33189508466181E-5
199.8578339	2.32602261993424E-5
201.612442	2.31940276283974E-5
201.6949463	2.31735839264684E-5
201.8627701	2.3184449496708E-5
202.0278702	2.31796122376599E-5
202.181839	2.32173109730785E-5
202.3442154	2.31902728555924E-5
202.5156174	2.31550749205225E-5
202.69223785	2.31612131351757E-5
202.86048125	2.31400912843191E-5
203.01808165	2.31284574396283E-5
203.1918106	2.31021495750375E-5
203.35639955	2.30862023155316E-5
203.5183182	2.30936211284786E-5
203.69088745	2.30766397959197E-5
203.853096	2.30819106059247E-5
204.01563265	2.30721257116642E-5
204.18211365	2.30895152728072E-5
204.3483963	2.30644116759071E-5
204.51299285	2.30499318111592E-5
204.68585965	2.30584744564492E-5
204.852478	2.30575438128828E-5
205.01117705	2.29820265831081E-5
205.17790985	2.29883119440963E-5
205.3524399	2.29984085959784E-5
205.51804355	2.30011705414078E-5
205.67351535	2.29706099577841E-5
205.8375931	2.30223410641389E-5
206.00605775	2.29793964516742E-5
206.1710968	2.29740096082768E-5
206.3428192	2.295354950501E-5
206.511261	2.29260426728657E-5
206.6738205	2.2906869995187E-5
206.8381424	2.29355181941677E-5
206.99922945	2.29144398398101E-5
207.1676941	2.29141437761083E-5
207.3338089	2.29041762739448E-5
207.50061795	2.29212461505121E-5
207.67492675	2.28728724638766E-5
207.84072875	2.28818624866171E-5
207.9970474	2.2839028123687E-5
208.15655515	2.2878727590846E-5
208.3200073	2.28540845376547E-5
208.49111175	2.28222437378085E-5
208.65946195	2.28623597574338E-5
208.8242416	2.28986231600041E-5
208.98999785	2.28208109991633E-5
209.15472415	2.28403174814036E-5
209.32265475	2.2811147581125E-5
209.48656465	2.27404204424462E-5
209.6539307	2.27416984149258E-5
209.82449345	2.27792994638909E-5
209.99250795	2.27399608747963E-5
210.1551666	2.27467690528877E-5
210.31929015	2.27579365431973E-5
210.4861145	2.26987464650102E-5
212.2409363	2.26400763514321E-5
212.32148745	2.26080255823331E-5
212.4832001	2.25983887387632E-5
212.6464157	2.25916490080394E-5
212.8115921	2.25934057778934E-5
212.97986605	2.26013893572287E-5
213.1459656	2.25622675800046E-5
213.30622105	2.2551620051904E-5
213.472374	2.2559589702677E-5
213.6411133	2.26031498905155E-5
213.8113556	2.25292691110631E-5
213.9746933	2.25726740686337E-5
214.13777925	2.25113108052257E-5
214.31027225	2.2499806055204E-5
214.47528075	2.25022475470569E-5
214.63740535	2.24959490624675E-5
214.80366515	2.24745738048994E-5
214.96772005	2.24521862947606E-5
215.13544465	2.24761017764837E-5
215.3006592	2.24330572784758E-5
215.47033695	2.24487678967511E-5
215.64234925	2.24257608937848E-5
215.79660795	2.24272582129641E-5
215.9585266	2.24470626506151E-5
216.126915	2.24468705634483E-5
216.2947922	2.24065274752879E-5
216.45952605	2.23873422409669E-5
216.6268921	2.24015932080455E-5
216.79797365	2.24277623183313E-5
216.96621705	2.23809224988213E-5
217.13014985	2.23484130699969E-5
217.29442595	2.23689115102177E-5
217.46375275	2.23353218469919E-5
217.6283722	2.23342478689254E-5
217.7861023	2.23822822363144E-5
217.9472275	2.23202739869047E-5
218.11882785	2.23184682786491E-5
218.28980255	2.23026682949224E-5
218.4538803	2.23265904184077E-5
218.62242125	2.23236704593458E-5
218.7898712	2.23226550104882E-5
218.9528656	2.22719694482208E-5
219.1188049	2.22934781103713E-5
219.28074645	2.22873486732277E-5
219.45023345	2.22325330041232E-5
219.61907955	2.22293836664662E-5
219.77334595	2.22535880822896E-5
219.93335725	2.2223855809482E-5
220.10271455	2.2238771009071E-5
220.26994325	2.21987790198096E-5
220.43681335	2.22136028319065E-5
220.60209655	2.21966689468882E-5
220.77231595	2.21946414061169E-5
220.9393768	2.21617252851181E-5
221.10508725	2.21265774625808E-5
222.8327332	2.20757160350552E-5
222.861969	2.20392948205551E-5
222.9634857	2.20546967492854E-5
223.11286925	2.20916101846307E-5
223.27241515	2.20281914873957E-5
223.4411545	2.20452945413651E-5
223.6055298	2.20311100108133E-5
223.76851655	2.20578961258897E-5
223.9385147	2.2050266113996E-5
224.0951309	2.20411955517306E-5
224.26407625	2.20348639417366E-5
224.4470749	2.20489007132836E-5
224.60626985	2.20464564733941E-5
224.77329255	2.19766350016752E-5
224.94709015	2.20013768956063E-5
225.11343385	2.19648886597879E-5
225.2774582	2.19925221734181E-5
225.4361725	2.1935459042732E-5
225.60313415	2.1948183913004E-5
225.76558685	2.19723312642947E-5
225.924057	2.19559398480656E-5
226.09622955	2.19435632353926E-5
226.2700653	2.19099835774733E-5
226.4252777	2.19726273374643E-5
226.5862427	2.19437875000531E-5
226.76190185	2.19207546650906E-5
226.9370117	2.18590945051756E-5
227.10045625	2.1831711097649E-5
227.2585602	2.18887663215268E-5
227.431427	2.18752972384269E-5
227.6045227	2.1894804008466E-5
227.769104	2.18908963624238E-5
227.93170165	2.18651372654826E-5
228.0982132	2.18224879978963E-5
228.26473235	2.18394132019816E-5
228.43328095	2.18584241629568E-5
228.60164645	2.18246486666652E-5
228.76781465	2.17486933695106E-5
228.93585205	2.18324478754563E-5
229.0947952	2.17720732030438E-5
229.2583847	2.17439904394286E-5
229.4312363	2.17692181664923E-5
229.6010361	2.17415165419383E-5
229.7609024	2.17581952079299E-5
229.9249191	2.17187704020298E-5
230.0962448	2.17307105627651E-5
230.26399995	2.16897682270774E-5
230.43252565	2.17154049079171E-5
230.5984497	2.16785255759814E-5
230.75666045	2.1693942985951E-5
230.9214783	2.17123907200568E-5
231.09147645	2.17139472384709E-5
231.2546997	2.16834553426879E-5
231.41918185	2.16575553721038E-5
231.5923462	2.17147864769549E-5
231.75943755	2.16277078525503E-5
233.52822875	2.15585782440382E-5
233.61655425	2.15323407453322E-5
233.7671738	2.15882356636702E-5
233.9238205	2.15634239527952E-5
234.09360505	2.1542407699471E-5
234.26685335	2.15763729219228E-5
234.421875	2.14997321077841E-5
234.58013915	2.14991486852598E-5
234.7534027	2.15513229165392E-5
234.91724395	2.15226827433442E-5
235.08265685	2.15089911368948E-5
235.25561525	2.15314437608435E-5
235.4218216	2.14541843047901E-5
235.5771942	2.14811453255925E-5
235.7401428	2.14950599069382E-5
235.91945645	2.14567103616421E-5
236.092453	2.14338038526646E-5
236.24502565	2.14275243147047E-5
236.401268	2.14249886188102E-5
236.5823822	2.13720279695194E-5
236.7571564	2.14327880496166E-5
236.923111	2.1413155782933E-5
237.08834075	2.14008662026319E-5
237.2380371	2.13919170448145E-5
237.4024506	2.1339566620956E-5
237.5811539	2.13630144462434E-5
237.7538605	2.14119585785416E-5
237.9222565	2.13396346614756E-5
238.0827637	2.13572905869213E-5
238.24862675	2.1330234149092E-5
238.416832	2.13207078662229E-5
238.580719	2.13147256849533E-5
238.74468995	2.13494489499706E-5
238.90794375	2.13079801634725E-5
239.0676041	2.12907950785599E-5
239.24034885	2.13468851862248E-5
239.41643525	2.12558543835371E-5
239.569664	2.12596336861034E-5
239.7232971	2.12655197938287E-5
239.9024124	2.12970672253103E-5
240.077858	2.1197615124276E-5
240.23046875	2.12502355803247E-5
240.38516995	2.12859188149292E-5
240.56464385	2.12476107926954E-5
240.7340088	2.12167404469692E-5
240.8977661	2.11999803054338E-5
241.06265255	2.12213927697725E-5
241.2179794	2.12142877520031E-5
241.3939514	2.12078290144566E-5
241.55856325	2.11995788261249E-5
241.7228699	2.11905138730933E-5
241.8983307	2.11701576461471E-5
242.05186465	2.11369100470763E-5
242.2103577	2.1104303581095E-5
242.3820801	2.11401417884682E-5
244.157814	2.1078128318107E-5
244.23255155	2.10597625045011E-5
244.3860016	2.10974186345642E-5
244.5498276	2.10326350252767E-5
244.7057953	2.10505530445319E-5
244.8870392	2.09913287727171E-5
245.0542679	2.10312267777959E-5
245.20845795	2.10049567959987E-5
245.3806076	2.10502284199081E-5
245.55254365	2.1035644255564E-5
245.70949555	2.1012698874716E-5
245.86776735	2.10265034517325E-5
246.03501895	2.09570852042414E-5
246.200943	2.09801139486953E-5
246.3673706	2.09724170149275E-5
246.5357971	2.09491964016033E-5
246.7000885	2.09729918423283E-5
246.86649325	2.10052815685496E-5
247.03339385	2.09608366485113E-5
247.1972885	2.0918891410378E-5
247.36235045	2.09167939601399E-5
247.53498075	2.09188011930711E-5
247.71318815	2.09101187809208E-5
247.88374325	2.09340173740779E-5
248.04045865	2.09576159156612E-5
248.1960907	2.09424943366413E-5
248.3611832	2.08482633820425E-5
248.5301285	2.08060899394813E-5
248.6943054	2.08431191890998E-5
248.85929105	2.08544275579634E-5
249.0283127	2.08444993092034E-5
249.1942749	2.08262395040731E-5
249.35972595	2.08549611478572E-5
249.528595	2.08472652485353E-5
249.7005997	2.08040651337916E-5
249.86104585	2.08239489614741E-5
250.02067565	2.08249134593772E-5
250.1874771	2.08011097675281E-5
250.35181425	2.07851097520831E-5
250.5180893	2.07887520077528E-5
250.6847763	2.07788606097627E-5
250.85456845	2.07527817172708E-5
251.0183563	2.07152543566625E-5
251.17649075	2.07587956594339E-5
251.34434505	2.07913087928426E-5
251.510437	2.08023994569385E-5
251.67790225	2.07150318670696E-5
251.84710695	2.07343852662972E-5
252.0180893	2.07275952618549E-5
252.1892853	2.07010671629004E-5
252.35959625	2.07143373986914E-5
252.52153775	2.0707889474809E-5
252.67778015	2.0692442881805E-5
252.8475647	2.06697854545774E-5
253.0173111	2.07092382928384E-5
254.7711945	2.05632378790115E-5
254.8494492	2.06206868705111E-5
255.02185825	2.05972370486448E-5
255.18791965	2.05796381326636E-5
255.3447342	2.05436612192677E-5
255.51200105	2.05288983918473E-5
255.68073275	2.05385145913214E-5
255.84828185	2.05511643051603E-5
256.00695035	2.05756871903086E-5
256.17196655	2.05194174072745E-5
256.3418274	2.05373234363486E-5
256.50787355	2.05697952271903E-5
256.67109685	2.05366462755282E-5
256.8369141	2.05040186312126E-5
257.00143435	2.05169828656246E-5
257.17004395	2.04597644324079E-5
257.3413086	2.04620221094708E-5
257.5043793	2.05035569860773E-5
257.6684418	2.05182140887741E-5
257.83888245	2.0465666867485E-5
258.00305175	2.04759511088884E-5
258.16801455	2.04980558641567E-5
258.33256535	2.05314634725189E-5
258.4951477	2.04292095331455E-5
258.66514585	2.04703738737198E-5
258.8304901	2.04221892398025E-5
258.9956207	2.04739526677462E-5
259.1671295	2.04157187149329E-5
259.32946775	2.03938422113014E-5
259.4902496	2.04051336933497E-5
259.66197205	2.03563257268325E-5
259.8288727	2.03658065762221E-5
259.9935303	2.03723752093625E-5
260.1600037	2.03889481256375E-5
260.32362365	2.04180301957903E-5
260.4914398	2.03558886770553E-5
260.66059875	2.03342868961028E-5
260.82632445	2.03404871205243E-5
260.9977722	2.03322914579678E-5
261.1568298	2.03315975426359E-5
261.3167114	2.02954160275676E-5
261.49082945	2.02906523588204E-5
261.6619415	2.02980923262622E-5
261.82725525	2.0348577298115E-5
261.99255375	2.03093150820503E-5
262.15261845	2.02993354564043E-5
262.3100281	2.03034638998333E-5
262.47517395	2.02688438217285E-5
262.64544675	2.0323791240936E-5
262.8141632	2.02411083535181E-5
262.9804535	2.02688104733451E-5
263.147995	2.03220109388464E-5
263.3162079	2.0221823509708E-5
263.4809723	2.0187825148801E-5
263.64009095	2.02561299732419E-5
265.4078369	2.01824152108099E-5
265.48236085	2.01326367992951E-5
265.63954165	2.01412773761567E-5
265.79856875	2.0137006305495E-5
265.970047	2.01753518064154E-5
266.14497375	2.01354228691095E-5
266.3018036	2.01510403035424E-5
266.4671936	2.01247765080001E-5
266.6390381	2.01258331587777E-5
266.80641175	2.01507313697563E-5
266.9702301	2.01007184573163E-5
267.13456725	2.00794215180688E-5
267.3016357	2.00926893535973E-5
267.4645233	2.00991594320201E-5
267.63095095	2.00686334955966E-5
267.79963685	2.00912107250572E-5
267.9654541	2.00398219733228E-5
268.13497925	2.00426571829597E-5
268.3050232	2.00237277461023E-5
268.4747467	2.00504095088722E-5
268.6334076	1.9997134988673E-5
268.79393005	2.00357582692476E-5
268.96575925	2.00033275974503E-5
269.13368225	2.00251679366914E-5
269.2995758	2.003520183102E-5
269.47021485	2.00269253617955E-5
269.633255	1.99704819350345E-5
269.7968292	2.00321901726573E-5
269.9698181	1.99451219613323E-5
270.13926695	1.99683972335669E-5
270.3056793	1.99596727702503E-5
270.46820065	1.99768409712937E-5
270.6322784	1.99273440945398E-5
270.8024902	1.99846040457226E-5
270.97058105	1.99455629245306E-5
271.1364899	1.99724015956809E-5
271.29801945	1.99602587812032E-5
271.45655825	1.99056763295732E-5
271.6273041	1.98933353212594E-5
271.80371095	1.99224755447014E-5
271.9701538	1.9873965707953E-5
272.13313295	1.98380971070604E-5
272.30461125	1.99064362137272E-5
272.47444155	1.99011248142916E-5
272.63967895	1.9911897305613E-5
272.80615235	1.98787858413047E-5
272.9690552	1.98427322103207E-5
273.1266022	1.98711449626465E-5
273.29161075	1.97784550533817E-5
273.46685795	1.98663656356191E-5
273.64016725	1.98611681957874E-5
273.8020172	1.98247457507707E-5
273.96717835	1.98093922329344E-5
274.13072205	1.98343741559886E-5
274.28881835	1.97609048645022E-5
276.0651855	1.97425336861163E-5
276.1486511	1.97650580264703E-5
276.3055725	1.97817674794728E-5
276.4656372	1.97308940917514E-5
276.6356354	1.96958101588844E-5
276.80305485	1.97210787559037E-5
276.9603577	1.9685944184312E-5
277.1266785	1.97079040811487E-5
277.3066254	1.97046022304233E-5
277.46130375	1.96889456965208E-5
277.6194153	1.96688425578563E-5
277.7968292	1.96941446990127E-5
277.9734039	1.96953825990023E-5
278.1399536	1.96632852034852E-5
278.30496215	1.96514990261946E-5
278.46821595	1.9636312954543E-5
278.6346283	1.96024921855508E-5
278.79400635	1.95825969350114E-5
278.95515445	1.95703132419241E-5
279.13931275	1.96895992662034E-5
279.3000641	1.9603518302525E-5
279.46499635	1.95901068806662E-5
279.64193725	1.96109199837008E-5
279.80464175	1.95452059092539E-5
279.9705658	1.95679733242746E-5
280.1372833	1.95918116151448E-5
280.30618285	1.95327210484109E-5
280.4769745	1.95861257388688E-5
280.63162235	1.95357785614749E-5
280.790329	1.95276601901732E-5
280.95446775	1.95777935652409E-5
281.11267085	1.94823166368444E-5
281.28407285	1.95467275801525E-5
281.4649048	1.9488367444777E-5
281.6305542	1.95481185211621E-5
281.78710935	1.95297287104502E-5
281.9649658	1.95086714827478E-5
282.1316986	1.95102370627353E-5
282.28370665	1.94320617990515E-5
282.45277405	1.94812010969868E-5
282.63058475	1.94743885188142E-5
282.8023682	1.94640024289782E-5
282.959198	1.94010628906597E-5
283.1183319	1.94295239166589E-5
283.28598025	1.94787648576488E-5
283.46211245	1.94429562700726E-5
283.638031	1.94071872206969E-5
283.80241395	1.94374824034121E-5
283.9658051	1.93873645459886E-5
284.1345215	1.93672451474729E-5
284.2916107	1.93845093438014E-5
284.4459076	1.93807137361417E-5
284.62510685	1.93892127894448E-5
284.8002472	1.93943635315787E-5
284.95339965	1.92985339553909E-5
286.7686768	1.93166941551337E-5
286.8230896	1.93158957826686E-5
286.96928405	1.92910017492854E-5
287.13372805	1.92605026249176E-5
287.29714965	1.92601337222013E-5
287.4616699	1.92884095671783E-5
287.61958315	1.92850207393236E-5
287.7914429	1.92644218050184E-5
287.9558716	1.92747896572107E-5
288.12753295	1.92278555296736E-5
288.3015747	1.92186077776432E-5
288.4702454	1.92112212261052E-5
288.63105775	1.92049073934753E-5
288.7861786	1.92772344355907E-5
288.9519043	1.9163105959038E-5
289.1167297	1.91494481954501E-5
289.28781125	1.91990492754108E-5
289.45480345	1.91661586929643E-5
289.61857605	1.92045680375096E-5
289.78744505	1.92120520355943E-5
289.95701595	1.91430762231536E-5
290.12986755	1.91395490469145E-5
290.29960635	1.91638878212116E-5
290.45791625	1.91334218711619E-5
290.62649535	1.91659119258203E-5
290.80189515	1.91535774321356E-5
290.96029665	1.91130807253307E-5
291.12521365	1.91324752282833E-5
291.2917328	1.91469167278519E-5
291.4637146	1.91752384979253E-5
291.6385803	1.91187405688248E-5
291.79714965	1.91214143686086E-5
291.95985415	1.90484285454086E-5
292.13272095	1.91020636761051E-5
292.30519105	1.91072033182539E-5
292.47062685	1.90908004109744E-5
292.63072205	1.90769392025057E-5
292.7933197	1.91156075316154E-5
292.9634552	1.9075492134352E-5
293.1320801	1.90223366285336E-5
293.30197145	1.90677457831734E-5
293.46235655	1.90722123969096E-5
293.6204376	1.90592452893136E-5
293.7879181	1.90510378091335E-5
293.9553528	1.90450870378153E-5
294.1219635	1.9065578009809E-5
294.2894287	1.9061374678212E-5
294.4542694	1.90527968152128E-5
294.61782835	1.90195260389969E-5
294.7924957	1.9042532667245E-5
294.9630737	1.90098573061661E-5
295.1334686	1.90479021819138E-5
295.30603025	1.90108337758327E-5
295.4612579	1.89467078582549E-5
295.6156616	1.89821128173503E-5
297.3709717	1.89828831345727E-5
297.4584656	1.89447544193895E-5
297.62124635	1.8927412331858E-5
297.7842102	1.89211946187014E-5
297.95088195	1.88941499818885E-5
298.11457825	1.88560943439799E-5
298.28216555	1.88680026834699E-5
298.44760135	1.8844987165576E-5
298.6176758	1.88492968639279E-5
298.78892515	1.88698002091447E-5
298.9581451	1.88170480360124E-5
299.12304685	1.88582062407723E-5
299.28479005	1.88506652508778E-5
299.4438019	1.87838261366074E-5
299.60705565	1.88050173247169E-5
299.78170775	1.88878595036091E-5
299.95399475	1.88415350316528E-5
300.1147461	1.88418799985173E-5
300.2791748	1.88056890731961E-5
300.4473877	1.88059722534935E-5
300.61180115	1.87509246055666E-5
300.777832	1.8795081592226E-5
300.94621275	1.8731064429201E-5
301.1169281	1.88099532315959E-5
301.28424075	1.88157937418617E-5
301.44723515	1.87378147435751E-5
301.6195679	1.88033265023093E-5
301.78172305	1.87526567118833E-5
301.9356232	1.87369400018259E-5
302.10850525	1.87476208861877E-5
302.27877805	1.87767279533387E-5
302.43891905	1.8781036362705E-5
302.606308	1.87660108866956E-5
302.77708435	1.87275903612689E-5
302.94384765	1.87005763048392E-5
303.10639955	1.86759530443762E-5
303.26223755	1.8729488937484E-5
303.42660525	1.8702290294146E-5
303.6009827	1.87006541410111E-5
303.7738037	1.87082414458444E-5
303.94062805	1.8660060501211E-5
304.10894775	1.87004856506868E-5
304.27400205	1.87044606952571E-5
304.43684385	1.86343877780601E-5
304.60557555	1.86431561647337E-5
304.77398685	1.86266036725966E-5
304.93496705	1.86395940847689E-5
305.0958557	1.86102944954484E-5
305.26649475	1.85989916418555E-5
305.43003845	1.86136323925124E-5
305.59544375	1.85673584554413E-5
305.7685242	1.86470221617513E-5
305.92990115	1.85748799073827E-5
306.1015015	1.86279634142327E-5
306.2688599	1.85437216748143E-5
308.0491943	1.85422811905565E-5
308.11749265	1.84957920151051E-5
308.26055905	1.85036797698929E-5
308.4180908	1.85154915449203E-5
308.58657835	1.85108241789563E-5
308.74934385	1.84479631803718E-5
308.9129486	1.85375201771716E-5
309.080719	1.85524826941026E-5
309.25083925	1.84695172948363E-5
309.4194336	1.84844123288463E-5
309.58181765	1.84716979342916E-5
309.7462616	1.84602029893056E-5
309.91571045	1.84084991549203E-5
310.07733155	1.84112131066666E-5
310.23609925	1.84395859685399E-5
310.40356445	1.84207141983288E-5
310.56742855	1.84231013653157E-5
310.7328491	1.8427802336844E-5
310.9029236	1.84612114487777E-5
311.07614135	1.84263350563502E-5
311.24726865	1.84438252425795E-5
311.4051056	1.8392973961954E-5
311.5666199	1.83803758879434E-5
311.73884585	1.83590228747341E-5
311.91052245	1.83517790712004E-5
312.06806945	1.83627499794255E-5
312.2344971	1.83832811759627E-5
312.40039065	1.83924605492388E-5
312.55799865	1.83207016557018E-5
312.72795105	1.83476312323242E-5
312.89439395	1.83485182537602E-5
313.0646973	1.83300914047795E-5
313.2326813	1.82938932169703E-5
313.3891907	1.83270432112836E-5
313.5531769	1.83764887847318E-5
313.72824095	1.83075669921979E-5
313.89123535	1.83087140341647E-5
314.05763245	1.82714346162113E-5
314.2264862	1.83499042071161E-5
314.3887024	1.83283269564182E-5
314.556015	1.83168337317307E-5
314.71594235	1.82804450333856E-5
314.87646485	1.82616607248723E-5
315.0465851	1.82816313335536E-5
315.216629	1.82610385021486E-5
315.3833618	1.82537185329869E-5
315.5481415	1.82817798376037E-5
315.7140503	1.82389978685552E-5
315.88085935	1.82577743281427E-5
316.0520935	1.82447192645221E-5
316.21099855	1.82185063091155E-5
316.3713684	1.81685037741072E-5
316.53834535	1.81444422855432E-5
316.7071381	1.82166401758908E-5
316.874115	1.81672316252654E-5
318.5903625	1.81526660284593E-5
318.68780515	1.81415814766543E-5
318.86579895	1.81608820195649E-5
319.0209198	1.81292573349502E-5
319.181015	1.81304568004808E-5
319.3502197	1.80908503616484E-5
319.5183258	1.81181488060495E-5
319.67900085	1.80959276990905E-5
319.8452301	1.81269983296563E-5
320.01734925	1.80928359230789E-5
320.17549135	1.80752372118255E-5
320.3383942	1.80332999109952E-5
320.5074463	1.80699352953897E-5
320.6705475	1.81291831221747E-5
320.8351593	1.80582847201134E-5
321.0041046	1.80493849928674E-5
321.1726837	1.80090183393488E-5
321.3345947	1.80000571047179E-5
321.4980774	1.80315706111335E-5
321.6661072	1.80154131356986E-5
321.8147278	1.79721496084833E-5
321.9760742	1.80435551621185E-5
322.146759	1.79629154390731E-5
322.3117218	1.80052385618211E-5
322.48550415	1.79914276429017E-5
322.6594391	1.79697801547632E-5
322.82244875	1.79739670743775E-5
322.98542785	1.79375254209578E-5
323.1642914	1.79301888670072E-5
323.331955	1.79413010451144E-5
323.49769595	1.79305607673033E-5
323.66741945	1.7878153387237E-5
323.8310242	1.79933004333846E-5
323.9957123	1.79326198303963E-5
324.14971925	1.79489384275589E-5
324.31233215	1.79385236710274E-5
324.4773712	1.78482330474577E-5
324.6396179	1.79006429588212E-5
324.8111572	1.79117573620881E-5
324.98254395	1.79139716680475E-5
325.1429901	1.79005416774246E-5
325.2998962	1.79387407767159E-5
325.4619751	1.78841507421966E-5
325.6320496	1.78862173619549E-5
325.8147278	1.7873735313009E-5
325.97332765	1.78297743504064E-5
326.1395874	1.79227346762553E-5
326.3115692	1.78355171618939E-5
326.4803009	1.78054634111029E-5
326.6498108	1.78849196700304E-5
326.8080597	1.77982140941927E-5
326.96473695	1.78364802141929E-5
327.12313845	1.77725202279944E-5
327.2939911	1.77750499898583E-5
327.4712677	1.77530594263458E-5
329.2754517	1.7793664190059E-5
329.33255005	1.76961125752346E-5
329.47157285	1.76758058205213E-5
329.6397705	1.77052629534179E-5
329.7983856	1.77062860241936E-5
329.95820615	1.77241357100537E-5
330.1178131	1.77214039764922E-5
330.29208375	1.76703925218511E-5
330.46148685	1.77097000971103E-5
330.6112061	1.76630435014783E-5
330.7772675	1.76746245938794E-5
330.94340515	1.76874805881903E-5
331.1173706	1.77030028807672E-5
331.2874298	1.76692057510448E-5
331.45646665	1.76962610747326E-5
331.63383485	1.76204555474375E-5
331.79078675	1.76451351691949E-5
331.9446106	1.76181960989722E-5
332.1240845	1.76381821827891E-5
332.2882996	1.76261807371827E-5
332.45167545	1.75871510680306E-5
332.62065125	1.75284971817264E-5
332.78227235	1.76385332973308E-5
332.95019535	1.75411892058411E-5
333.11729435	1.76075975648822E-5
333.2905121	1.75450673027351E-5
333.45861815	1.75709741522345E-5
333.6244049	1.759045247562E-5
333.78598025	1.75593116350379E-5
333.945694	1.75723350648832E-5
334.10969545	1.74804155191781E-5
334.2757721	1.75259183852666E-5
334.4429016	1.75651210896363E-5
334.6141815	1.75358306056185E-5
334.7853546	1.74890460057392E-5
334.951355	1.75825208489832E-5
335.11917115	1.75193458908389E-5
335.2906494	1.74981990484249E-5
335.45280455	1.75007721556955E-5
335.6144409	1.75381360650039E-5
335.7874603	1.74961595541189E-5
335.95809935	1.74806909876918E-5
336.11869815	1.75413721173029E-5
336.28253175	1.74527086073305E-5
336.4591217	1.75094005797205E-5
336.6317444	1.74944219596616E-5
336.7975006	1.74821307830231E-5
336.95347595	1.74804159228601E-5
337.1128693	1.74354611460286E-5
337.27975465	1.74646712260313E-5
337.44369505	1.7481142633742E-5
337.61061095	1.74126010637088E-5
337.7776947	1.74313357169476E-5
337.94181825	1.74144311880137E-5
338.1055756	1.74097985109489E-5
339.8644409	1.73408330675515E-5
339.94647215	1.73415200847223E-5
340.11079405	1.73789127445966E-5
340.27575685	1.73681578729241E-5
340.44244385	1.73641233928162E-5
340.60954285	1.73344037582174E-5
340.77783205	1.72737526617999E-5
340.9504852	1.73357461690297E-5
341.1186676	1.73206142547947E-5
341.283371	1.72504515143395E-5
341.45939635	1.73387642838617E-5
341.6279602	1.73275314095046E-5
341.7822876	1.72956250079787E-5
341.94573975	1.72650621722709E-5
342.1150055	1.72685669113833E-5
342.2890167	1.73063472336778E-5
342.4533081	1.73039027863103E-5
342.608902	1.72663710238108E-5
342.78430175	1.72396952378524E-5
342.952713	1.72343543693608E-5
343.1129761	1.72647704660893E-5
343.27934265	1.72110731201315E-5
343.45106505	1.72625545502265E-5
343.6187897	1.72244786036382E-5
343.779892	1.72135189768558E-5
343.95132445	1.72084065070462E-5
344.1229858	1.72405879468453E-5
344.28781125	1.71661699240124E-5
344.45057675	1.72346247090124E-5
344.6123657	1.71600478645391E-5
344.7742462	1.71809211016901E-5
344.9406128	1.72387386656645E-5
345.1056824	1.71726546333914E-5
345.27020265	1.71512832716223E-5
345.43400575	1.70906021991468E-5
345.60006715	1.71603320055341E-5
345.77542115	1.71385935803811E-5
345.94169615	1.71741677846673E-5
346.10809325	1.71391371857266E-5
346.27482605	1.70344390441199E-5
346.43782045	1.71442181954147E-5
346.609726	1.70854207787972E-5
346.7735291	1.71378058153398E-5
346.93960575	1.71224109439649E-5
347.1062622	1.71747535686585E-5
347.27330015	1.70973640467525E-5
347.44519045	1.70766098637071E-5
347.6070099	1.70731287750291E-5
347.77452085	1.70995359402871E-5
347.9469757	1.7074467983475E-5
348.11299135	1.71114341672264E-5
348.2796173	1.70355922035553E-5
348.44107055	1.70298636459417E-5
348.60517885	1.70563792394392E-5
348.7676239	1.70058556298547E-5
350.5288086	1.70071736297364E-5
350.6097107	1.6970780905895E-5
350.77723695	1.70072679011949E-5
350.9416046	1.69741994350178E-5
351.1014404	1.69373798861446E-5
351.2677307	1.69544455481841E-5
351.43400575	1.6955187324215E-5
351.5944672	1.69405807763886E-5
351.76823425	1.68478708268485E-5
351.9385986	1.69809430959188E-5
352.0999298	1.69160759057523E-5
352.26890565	1.69232571049246E-5
352.4382477	1.69371422847788E-5
352.6055603	1.68927661536123E-5
352.767395	1.68763716733228E-5
352.9325409	1.69412170016594E-5
353.10380555	1.69412581725839E-5
353.26846315	1.69173113732754E-5
353.4345398	1.68595880082156E-5
353.60528565	1.69075788719066E-5
353.7631073	1.68446546897544E-5
353.92658995	1.68599036127061E-5
354.09806825	1.68601641646993E-5
354.26512145	1.67981596365182E-5
354.43484495	1.69000667949766E-5
354.60432435	1.68007057888354E-5
354.76638795	1.68517066712603E-5
354.9303589	1.68013473270774E-5
355.09599305	1.68713295398478E-5
355.2681427	1.68060146603219E-5
355.43452455	1.68006946686002E-5
355.59198	1.68373140047992E-5
355.7591095	1.67867973176354E-5
355.923584	1.68200282555394E-5
356.1006012	1.67637347824758E-5
356.27070615	1.67607481720154E-5
356.43478395	1.67598005003765E-5
356.60758975	1.67861680644132E-5
356.76657105	1.67510327462194E-5
356.9316864	1.67373628328546E-5
357.0979309	1.67707205721302E-5
357.26623535	1.67847074577073E-5
357.4368286	1.67765331162577E-5
357.6010742	1.67238355682872E-5
357.77267455	1.67230807878804E-5
357.94192505	1.67767948015636E-5
358.1082001	1.67276316386896E-5
358.26651	1.67292126578371E-5
358.4239807	1.66772317210795E-5
358.59417725	1.66804634427046E-5
358.7662964	1.67160425288381E-5
358.925354	1.66613226757968E-5
359.08706665	1.66845970309161E-5
359.2658844	1.67286147366082E-5
359.43032835	1.6725458703842E-5
361.1920471	1.66084913711759E-5
361.27311705	1.66133849292236E-5
361.43518065	1.65584491368E-5
361.6003418	1.65665476863955E-5
361.7673035	1.65974052329695E-5
361.9216614	1.66362817372271E-5
362.08129885	1.65781473800304E-5
362.2608948	1.65017818949878E-5
362.42938235	1.65293509476261E-5
362.5940857	1.6567511677215E-5
362.7646942	1.65927506901923E-5
362.9286957	1.66005714917863E-5
363.09765625	1.66235863265785E-5
363.2587738	1.6543377581652E-5
363.42274475	1.65911702856057E-5
363.5980377	1.65008311769766E-5
363.76190185	1.65220952394351E-5
363.92803955	1.65456735480208E-5
364.10047915	1.64793025894123E-5
364.2654114	1.64884057020018E-5
364.42848205	1.65249331264849E-5
364.5926819	1.64714178966752E-5
364.75851445	1.65144369244203E-5
364.92024235	1.65085264225987E-5
365.0868683	1.65199770316798E-5
365.25227355	1.64986406771319E-5
365.4159088	1.65200980534478E-5
365.58218385	1.65005452229664E-5
365.74707035	1.65220326511171E-5
365.92201235	1.64832880297263E-5
366.0918274	1.64361319782574E-5
366.25086975	1.6536500426442E-5
366.4116211	1.64526333849611E-5
366.5837555	1.64624606024915E-5
366.7550354	1.64400858519648E-5
366.92279055	1.64528689851936E-5
367.08906555	1.65084944625082E-5
367.2581787	1.64644069974611E-5
367.4298706	1.64606363325452E-5
367.589859	1.64146286776781E-5
367.75405885	1.63924565565461E-5
367.92437745	1.63477063734113E-5
368.0888977	1.64453525442452E-5
368.2543335	1.6395050861111E-5
368.42659	1.64173770163579E-5
368.59547425	1.63966052729637E-5
368.7592468	1.63976768686427E-5
368.92689515	1.63303320790106E-5
369.0897522	1.63732772016239E-5
369.24864195	1.63387219233206E-5
369.4147644	1.63665791600796E-5
369.57418825	1.63437191372458E-5
369.74468995	1.63771968147705E-5
369.9197235	1.63720664872059E-5
370.08384705	1.63164255405627E-5
371.8570251	1.63401424810217E-5
371.93629455	1.62679294844762E-5
372.0983124	1.63665655994662E-5
372.2506256	1.62983386139678E-5
372.40725705	1.62552189209794E-5
372.5830383	1.6262906815081E-5
372.7511139	1.6304490921813E-5
372.9051819	1.62997616053045E-5
373.0657959	1.62199135293762E-5
373.24250795	1.62353870817572E-5
373.42079165	1.62474748057426E-5
373.58358765	1.62207859745803E-5
373.74427795	1.62785010627863E-5
373.91453555	1.61512896214834E-5
374.0859528	1.61884543767627E-5
374.2527924	1.61799641546819E-5
374.4189911	1.61872946694283E-5
374.58546445	1.61788381849606E-5
374.74742125	1.61517066264536E-5
374.9122467	1.61950610176893E-5
375.0782776	1.61707721562845E-5
375.2418976	1.61972049931577E-5
375.41412355	1.61670780869557E-5
375.588089	1.61774238659197E-5
375.7427063	1.61958901544189E-5
375.9060364	1.61386820132042E-5
376.06941225	1.61271834645064E-5
376.2304077	1.61253360898067E-5
376.40596005	1.61470630746508E-5
376.56700135	1.61162321306515E-5
376.72399905	1.60496864982753E-5
376.9053192	1.61663109872274E-5
377.0727539	1.61165364083801E-5
377.22421265	1.61006800325115E-5
377.4035034	1.60992777683721E-5
377.57217405	1.60478209203796E-5
377.72883605	1.60818508299384E-5
377.89761355	1.60662186065964E-5
378.07571415	1.6036371655936E-5
378.25180055	1.59766374854559E-5
378.4059601	1.60098676856291E-5
378.56082155	1.6012056244793E-5
378.7305908	1.61447721670296E-5
378.9081421	1.60209904469341E-5
379.07356265	1.6047711867166E-5
379.23928835	1.60393935926733E-5
379.41445925	1.60174600264927E-5
379.5723572	1.60127864188724E-5
379.72962955	1.60201288451436E-5
379.89535525	1.60651767530714E-5
380.06455995	1.60486730369664E-5
380.2333832	1.60388420933619E-5
380.40509035	1.60013690258839E-5
380.58052065	1.60549110819038E-5
380.74383545	1.59909762445955E-5
382.5098114	1.59177770195447E-5
382.59733585	1.59037784739021E-5
382.75247195	1.59154364669156E-5
382.91638185	1.58709688936798E-5
383.068573	1.58681881509164E-5
383.22731015	1.59241102106348E-5
383.3951416	1.58615576919429E-5
383.55819705	1.59231563898406E-5
383.7324829	1.58819807509183E-5
383.90188595	1.58337243944702E-5
384.05937195	1.5866367810045E-5
384.22817995	1.58360043672857E-5
384.3925171	1.59019771479852E-5
384.5525055	1.58462859670764E-5
384.7228241	1.5873644186166E-5
384.90057375	1.58088705395088E-5
385.06163025	1.58367906910654E-5
385.22053525	1.58235634602197E-5
385.38659665	1.57918694518431E-5
385.5634155	1.58598395158017E-5
385.73686215	1.58188291052675E-5
385.8966827	1.58404778245424E-5
386.06970215	1.58085660970584E-5
386.23388675	1.58254205313086E-5
386.3933716	1.58013540562871E-5
386.5582123	1.58260826483287E-5
386.7218933	1.58147906897942E-5
386.88755795	1.57603081060746E-5
387.06362915	1.57431268073101E-5
387.23983765	1.57136724472091E-5
387.398056	1.58529855941902E-5
387.5572662	1.57966889456849E-5
387.7217407	1.57196898054109E-5
387.8970642	1.57652573045586E-5
388.0704651	1.57284978146327E-5
388.23596195	1.56871129648519E-5
388.40228275	1.57179050312416E-5
388.5597992	1.57049955508365E-5
388.7221832	1.5698553443472E-5
388.88404845	1.57096951704858E-5
389.0600891	1.57742083956271E-5
389.2278595	1.57437907052695E-5
389.3806458	1.57018395409126E-5
389.5508423	1.56936393785024E-5
389.71827695	1.5734504529411E-5
389.88244625	1.56440212102186E-5
390.05577085	1.57007014039881E-5
390.2233734	1.5645479244701E-5
390.38897705	1.57127479259857E-5
390.553772	1.56513191351036E-5
390.717865	1.56808298176979E-5
390.8920593	1.56898292706116E-5
391.0579681	1.56626631923564E-5
391.2200775	1.56789352018181E-5
391.3885193	1.56374983466673E-5
393.1601563	1.55752513235763E-5
393.24011235	1.5604403298045E-5
393.3975525	1.55407912508455E-5
393.55639645	1.56249491128805E-5
393.72697445	1.56051957075287E-5
393.9034729	1.55594170093896E-5
394.0681	1.55019504124176E-5
394.22644045	1.56202068270561E-5
394.3911133	1.55344873315808E-5
394.5586548	1.54963099550129E-5
394.7277069	1.56169380110574E-5
394.90570065	1.55332209583487E-5
395.08338925	1.55221479851657E-5
395.2648468	1.55138435571446E-5
395.4478302	1.55105212830292E-5
395.6220398	1.55444941701372E-5
395.79742435	1.55446786631613E-5
395.96977235	1.55511884069496E-5
396.14086915	1.54778286421362E-5
396.29615785	1.55330720216708E-5
396.44329835	1.54915953229301E-5
396.5847168	1.55079418638689E-5
396.70942685	1.54766809208019E-5
396.8311462	1.55048515004951E-5
396.93785095	1.54417084767708E-5
397.0428772	1.54216038681846E-5
397.14900205	1.54457250469905E-5
397.2403717	1.55388805871028E-5
397.3308258	1.54283012726478E-5
397.42663575	1.54789413952452E-5
397.51960755	1.5458654727961E-5
397.6101532	1.54563254602035E-5
397.69664005	1.54478709134587E-5
397.7774506	1.55019167210531E-5
397.85992435	1.547157029823E-5
397.9427643	1.54428228094637E-5
398.0228882	1.54520728530168E-5
398.0969696	1.53656888394844E-5
398.16621395	1.54545343749283E-5
398.23153685	1.53808983501287E-5
398.2969818	1.54019180369851E-5
398.3609619	1.54602185979806E-5
398.42367555	1.54633214494692E-5
398.48435975	1.5440512993493E-5
398.5420227	1.53824012247769E-5
398.6024933	1.54271586931679E-5
398.6579285	1.54292068747459E-5
398.70848085	1.54064209222873E-5
398.7596588	1.54863458312606E-5
398.8099365	1.5418366137932E-5
398.8530731	1.54052678444596E-5
398.88879395	1.5341255248756E-5
398.9230347	1.53597058977991E-5
398.95077515	1.53878805444811E-5
398.973114	1.53296380426402E-5
398.9921875	1.53659914940277E-5
399.0083771	1.5408043200893E-5
399.0236664	1.53822115363965E-5
399.0361786	1.53617360005356E-5
399.0484009	1.54139295452635E-5
399.06173705	1.54129136773701E-5
399.07575985	1.54125292655777E-5
399.08953855	1.54039765633803E-5
399.10372925	1.5379798794699E-5
399.11950685	1.53334420396544E-5
399.134491	1.53208116818019E-5
399.14968875	1.53478904141234E-5
399.16516115	1.53214636322912E-5
399.18008425	1.53423588119489E-5
399.19340515	1.54200112698752E-5
399.207489	1.54067550368137E-5
399.22296145	1.54008355071682E-5
399.2370453	1.54207543197766E-5
399.2512207	1.53647404062253E-5
399.26719665	1.54090659698173E-5
399.28453065	1.53924083773798E-5
399.30212405	1.5380126167456E-5
399.32092285	1.53466715779028E-5
399.3408966	1.54318105129345E-5
399.3637085	1.54195392972048E-5
399.38650515	1.53874648178343E-5
399.4102478	1.54013058964021E-5
399.4352264	1.53634303067288E-5
399.45991515	1.53736442814626E-5
399.4845734	1.53173925633884E-5
399.507309	1.53905348812154E-5
399.52993775	1.53602218439959E-5
399.55223085	1.5365331449872E-5
399.57371525	1.53894380213366E-5
399.59396365	1.53696507562485E-5
399.6116791	1.54292505366146E-5
399.6301422	1.53407011535669E-5
399.6490631	1.53111979314947E-5
399.6673279	1.53753661470791E-5
399.68240355	1.53425222496635E-5
399.69758605	1.53396819315486E-5
399.71520995	1.53393141674601E-5
399.73168945	1.53167989785108E-5
399.747757	1.53188843658657E-5
399.762085	1.52966569100461E-5
399.77606205	1.5353858143962E-5
399.78738405	1.53692364351749E-5
399.79911805	1.53260089665579E-5
399.81297305	1.53228655511852E-5
399.82589725	1.53665329600446E-5
399.8384247	1.53624673532974E-5
399.8488159	1.53192076631262E-5
399.85806275	1.53290752579494E-5
399.8679047	1.5390616771149E-5
399.8791962	1.53274783153961E-5
399.8908234	1.53521763455801E-5
399.9002991	1.53629187886436E-5
