27.1503563	9.97366589279559E-5
27.206439	9.95072327164253E-5
27.35869405	9.92050664716546E-5
27.5316477	9.89322622588593E-5
27.685195	9.87299727138874E-5
27.84403995	9.84441102595851E-5
28.0157776	9.81799735970373E-5
28.19141005	9.79385522999502E-5
28.3581352	9.77056471963541E-5
28.5190315	9.74674988623733E-5
28.67258835	9.72130193148134E-5
28.8319378	9.69627097883643E-5
28.9990883	9.67278117292672E-5
29.15842725	9.65428924952513E-5
29.32654765	9.63070638518431E-5
29.49787905	9.60534418848075E-5
29.66233065	9.58113309891811E-5
29.82845785	9.56210529431358E-5
29.99480535	9.53808743847335E-5
30.15556145	9.51326762338864E-5
30.3167944	9.49444366581461E-5
30.4796286	9.47216887524443E-5
30.6458092	9.45070178877166E-5
30.816103	9.43074455497977E-5
30.9808016	9.40801768679516E-5
31.14315415	9.38991803819222E-5
31.3088207	9.3647833779655E-5
31.47005365	9.34711377718995E-5
31.63182545	9.32684899142063E-5
31.794322	9.30575376861671E-5
31.95670125	9.28308524432593E-5
32.11680985	9.26220468744161E-5
32.27795985	9.23918945613134E-5
32.4517231	9.22276420252252E-5
32.6240158	9.20220182740746E-5
32.77718355	9.18379443979139E-5
32.935936	9.16327682987232E-5
33.11610605	9.14633161156779E-5
33.2868595	9.12496817445521E-5
33.4505119	9.10914567140355E-5
33.6127758	9.088783977702E-5
33.77002525	9.06986599392857E-5
33.92803	9.05049944927555E-5
34.09376525	9.03423383551078E-5
34.26104165	9.01242088783427E-5
34.4252377	8.99594401206631E-5
34.58981705	8.97981742046018E-5
34.74658965	8.96180327309359E-5
34.9106045	8.94442876796236E-5
35.0814915	8.9258210861199E-5
35.24618915	8.90664128954386E-5
35.40888405	8.89373755978699E-5
35.56955525	8.87486883089607E-5
35.73137665	8.85556687106607E-5
35.88993455	8.83755987975125E-5
36.05039595	8.82238306505885E-5
37.782856	8.65864306324784E-5
37.8460884	8.64432784322863E-5
37.99007795	8.6284274914447E-5
38.16215895	8.61316665262267E-5
38.3317604	8.59983416295388E-5
38.49699595	8.58455293784404E-5
38.66236115	8.57025442227959E-5
38.8129921	8.55717915032489E-5
38.9734745	8.53920914705833E-5
39.1483173	8.52404286633121E-5
39.3148079	8.51208585494814E-5
39.47944455	8.49693826266087E-5
39.6297722	8.48289363653591E-5
39.7929096	8.46702445973431E-5
39.97182845	8.45358325851454E-5
40.1253872	8.43684020183824E-5
40.28072165	8.42294057467484E-5
40.4488792	8.409706393942E-5
40.60474205	8.39362109247743E-5
40.75844955	8.38320751898537E-5
40.9339256	8.36685983583251E-5
41.10703085	8.35339349728374E-5
41.26209065	8.34029133565113E-5
41.40987395	8.32464739416703E-5
41.5680275	8.31234018552289E-5
41.7434139	8.29890807620161E-5
41.9030628	8.28624287244742E-5
42.0556507	8.27256548716818E-5
42.2189827	8.25945357798735E-5
42.38712885	8.24498398930062E-5
42.55696105	8.23445414564061E-5
42.721035	8.22013751746471E-5
42.88552285	8.20861230255903E-5
43.04595945	8.19361034678677E-5
43.20436855	8.1818448022746E-5
43.36796185	8.1690266606061E-5
43.51945875	8.15620084427026E-5
43.672245	8.14613768029757E-5
43.83473395	8.13192506912026E-5
44.0062847	8.11989430322286E-5
44.1689968	8.10717173295232E-5
44.32686045	8.09489319800226E-5
44.48733905	8.08155551153166E-5
44.6480923	8.07228934320309E-5
44.82146075	8.05776139722783E-5
44.98399735	8.04837243059706E-5
45.1437454	8.03818018623227E-5
45.29359435	8.02482203075103E-5
45.4466839	8.01250856618295E-5
45.6083374	8.00181402494852E-5
45.77013775	7.99012026813112E-5
45.93269535	7.97416151421587E-5
46.0982246	7.96433246795973E-5
46.27042385	7.95334884222494E-5
46.43580625	7.94434715965736E-5
46.59953115	7.93056015753571E-5
48.3156891	7.81669114040553E-5
48.38229945	7.80723408921549E-5
48.5301609	7.79679981245251E-5
48.686594	7.78313374764045E-5
48.8529148	7.77428299293214E-5
49.0176811	7.76227725303242E-5
49.17738535	7.75565180626579E-5
49.3495388	7.74281960543976E-5
49.5105209	7.73032263451614E-5
49.6629181	7.72055972167464E-5
49.81707955	7.71011306509223E-5
49.9792194	7.69992453247494E-5
50.14731025	7.68813553071196E-5
50.31178475	7.67893286703804E-5
50.4711704	7.66777623202566E-5
50.62485885	7.66062376586618E-5
50.7859936	7.64626852821941E-5
50.94477845	7.63854469608955E-5
51.1048813	7.62991749827703E-5
51.27087405	7.6197413026488E-5
51.42824175	7.60857192026472E-5
51.59708405	7.59998936131327E-5
51.76766965	7.58844072477888E-5
51.9252586	7.58132203655838E-5
52.0836773	7.56992841550572E-5
52.2442055	7.56059098614069E-5
52.39613345	7.55299806694818E-5
52.54781155	7.54754883286007E-5
52.7116108	7.53357867969012E-5
52.87738035	7.52591285570994E-5
53.04360005	7.51617937130801E-5
53.1986408	7.50960630732153E-5
53.35383605	7.49881155464285E-5
53.51779745	7.49182748080972E-5
53.68400955	7.47959852528562E-5
53.8537369	7.47322054518314E-5
54.0165596	7.46155565838763E-5
54.1672363	7.45204517263327E-5
54.31983565	7.44245870687022E-5
54.4818783	7.43225701829513E-5
54.65241435	7.42408646486854E-5
54.8131256	7.4164030425721E-5
54.97001835	7.40616463703577E-5
55.12818715	7.39703685165869E-5
55.2831211	7.38703377028151E-5
55.44802855	7.37842343634025E-5
55.6111946	7.36999179378499E-5
55.7803707	7.36339187307179E-5
55.94132995	7.3547270454181E-5
56.095932	7.3454990322172E-5
56.263586	7.33774279833126E-5
56.4212627	7.33025305701746E-5
56.57946775	7.32117798144754E-5
56.7408371	7.31316206825909E-5
56.89997485	7.30261102544417E-5
57.06464005	7.29602580727475E-5
57.2239456	7.28769222871537E-5
58.9274445	7.20803155621373E-5
59.00703815	7.19824344119242E-5
59.16721725	7.1914573331315E-5
59.3346405	7.18260014082313E-5
59.494915	7.17298242360116E-5
59.6519699	7.1678440523593E-5
59.8153057	7.15852008761282E-5
59.97601505	7.15037034504594E-5
60.14012145	7.14295574614429E-5
60.3026867	7.13704305098446E-5
60.46206095	7.12952014201409E-5
60.6265564	7.12044085376535E-5
60.78642655	7.11035905467955E-5
60.93973545	7.10397069962772E-5
61.10429575	7.09694681921774E-5
61.27122305	7.08741199380781E-5
61.4266357	7.08495040816298E-5
61.5900936	7.0773434114904E-5
61.7599144	7.06811744128925E-5
61.92269325	7.06183549151716E-5
62.07707405	7.05411617243259E-5
62.2345543	7.04536578455759E-5
62.4070511	7.03894255741316E-5
62.5648842	7.03366003122967E-5
62.72740175	7.02426194891329E-5
62.89823725	7.02061798780609E-5
63.05196575	7.01234283287241E-5
63.2104454	7.00390604792738E-5
63.374588	6.99799988576475E-5
63.53092575	6.98960445107326E-5
63.690649	6.98314821552507E-5
63.8556423	6.97384279240786E-5
64.0177784	6.96775351561016E-5
64.1817856	6.96045181400354E-5
64.3440285	6.95452929191586E-5
64.50863265	6.94717997978606E-5
64.6746101	6.93848422518706E-5
64.8386612	6.93523021080671E-5
64.99687195	6.92637106539843E-5
65.1504974	6.92262922779363E-5
65.31018445	6.91368399474749E-5
65.474987	6.90843681792188E-5
65.6384239	6.90315370888015E-5
65.798439	6.8949775682469E-5
65.956707	6.88801678659909E-5
66.1147118	6.88091015197173E-5
66.2771645	6.87282743025844E-5
66.44472505	6.8654215960308E-5
66.61526105	6.86199423858242E-5
66.7768936	6.85581452723906E-5
66.933136	6.84870168686912E-5
67.09790805	6.84413659840168E-5
67.26394275	6.83781041778138E-5
67.4247742	6.8279562764401E-5
67.5799942	6.82268115799301E-5
67.7399826	6.81430731216386E-5
67.9083519	6.81011481608548E-5
69.6488495	6.75096204615588E-5
69.71250155	6.7471163387312E-5
69.8524895	6.73849942121231E-5
70.0175209	6.73557832462048E-5
70.18289945	6.72582233242359E-5
70.3425026	6.72190584730702E-5
70.49891665	6.71828562448026E-5
70.66252135	6.71058154903102E-5
70.82938385	6.70340960381272E-5
70.9912682	6.7002498536875E-5
71.1497612	6.69339287759173E-5
71.3120155	6.68689572621698E-5
71.47911835	6.68101265758042E-5
71.6396828	6.67439326360181E-5
71.80245975	6.66976032132203E-5
71.9650612	6.66334947884824E-5
72.1233101	6.65691414846042E-5
72.27793505	6.65241967581234E-5
72.4384079	6.64119954639901E-5
72.6092987	6.63695997138157E-5
72.7794647	6.63473801853406E-5
72.9387207	6.62625365504465E-5
73.09920885	6.62037391975732E-5
73.26477815	6.61504806151944E-5
73.42686845	6.60833677462886E-5
73.58722305	6.60154383673608E-5
73.7485733	6.59785473599539E-5
73.91202165	6.5943731082731E-5
74.0773125	6.58609938576878E-5
74.24003605	6.58427920969156E-5
74.39667515	6.57784973973914E-5
74.55121995	6.57051909151455E-5
74.71354295	6.56580410464386E-5
74.8818932	6.56032295440004E-5
75.0447426	6.5526109389884E-5
75.20124435	6.55063501522874E-5
75.36644745	6.54278798788109E-5
75.53665545	6.53941289433466E-5
75.6953316	6.53117697344948E-5
75.8572426	6.52892442677707E-5
76.02842715	6.52257319973324E-5
76.18869785	6.5170914471143E-5
76.3434105	6.51178057652145E-5
76.50941465	6.5069994825839E-5
76.67624665	6.50328389057314E-5
76.83516315	6.49725006022899E-5
76.9906464	6.49251773031535E-5
77.15244295	6.48963526334627E-5
77.3200836	6.48293542015118E-5
77.48657605	6.4769800760796E-5
77.65379715	6.47628387738916E-5
77.8101654	6.46780921339884E-5
77.9657898	6.46414803689236E-5
78.126133	6.46026099352185E-5
78.29159165	6.45279971897787E-5
78.46092225	6.45057219786716E-5
80.1951599	6.39630446556566E-5
80.27396775	6.38965109415936E-5
80.41570285	6.39026260887792E-5
80.5708351	6.38242102223274E-5
80.72900005	6.37704998933073E-5
80.9003639	6.37315131239031E-5
81.06188965	6.37083078407694E-5
81.2226982	6.36457414088987E-5
81.390831	6.35920190837589E-5
81.5517464	6.35135865365821E-5
81.71517565	6.3501901700286E-5
81.87646865	6.34430420441886E-5
82.0406723	6.33993231476057E-5
82.20718005	6.33461329124641E-5
82.36637115	6.32801552987989E-5
82.53162	6.32541375766188E-5
82.69024655	6.32134837782685E-5
82.8438568	6.31588453998219E-5
83.01330185	6.30835983432746E-5
83.1811676	6.30662262571728E-5
83.34578325	6.30124347830683E-5
83.4986992	6.29713078176787E-5
83.65595245	6.2916798049651E-5
83.83118055	6.28882238339899E-5
83.9954681	6.28304448050386E-5
84.14391705	6.281562459718E-5
84.3058624	6.27315487165079E-5
84.47473525	6.27169412966319E-5
84.63715745	6.26714247514317E-5
84.80207825	6.26101105187307E-5
84.95830155	6.25214581992401E-5
85.1232643	6.25020658541995E-5
85.2938118	6.24731039912845E-5
85.461834	6.2404812399753E-5
85.61153795	6.23736261459491E-5
85.77244565	6.23273607778542E-5
85.9435806	6.23026483608747E-5
86.1075554	6.22453416684063E-5
86.26295475	6.22088920323822E-5
86.4237938	6.21323793075161E-5
86.5987396	6.20961544805014E-5
86.7597046	6.20913693329441E-5
86.91116715	6.20165986190557E-5
87.076416	6.19749683422504E-5
87.25136565	6.19422098001809E-5
87.4020767	6.18877038670118E-5
87.55805205	6.18642630979164E-5
87.7346573	6.18031611572723E-5
87.9053841	6.17471314710044E-5
88.0565262	6.16952248075567E-5
88.209198	6.16854285038069E-5
88.38398745	6.15949462438666E-5
88.55448535	6.15920421543993E-5
88.7102318	6.15473351083325E-5
88.8709297	6.15293852757912E-5
89.03931805	6.14711357247104E-5
90.75	6.10371790246191E-5
90.82650375	6.09968835256797E-5
90.9973755	6.09707373969755E-5
91.1745758	6.09152695042357E-5
91.3280296	6.09020779702012E-5
91.4845657	6.08323581734278E-5
91.6491203	6.08273743848288E-5
91.8084259	6.0781745621917E-5
91.97063065	6.07299906745842E-5
92.13788985	6.06977701466514E-5
92.29994965	6.06560233698371E-5
92.4600716	6.0603894350407E-5
92.6365242	6.05815419165067E-5
92.79798505	6.05279283788202E-5
92.9506378	6.04905904639203E-5
93.12169645	6.04704665026427E-5
93.28710555	6.04122248092953E-5
93.4516411	6.03856301139793E-5
93.62010955	6.03341013990616E-5
93.77843475	6.03007576940292E-5
93.94541935	6.02572875697135E-5
94.1047707	6.02091188575825E-5
94.25878145	6.01693817015049E-5
94.43050765	6.01219668893331E-5
94.60229875	6.00852697090323E-5
94.7608948	6.00511401529719E-5
94.9135208	6.0005518037619E-5
95.0776825	5.99865219664537E-5
95.2476578	5.99399115015714E-5
95.4116707	5.98984358832496E-5
95.5765152	5.98656636783876E-5
95.743145	5.98327777093857E-5
95.9048882	5.98015941534751E-5
96.06847385	5.97302758357723E-5
96.22475815	5.97576864563001E-5
96.379673	5.96900240901145E-5
96.5413475	5.9652068819638E-5
96.70514295	5.96194099068986E-5
96.87270355	5.9558836091971E-5
97.0465813	5.95405730647852E-5
97.2099266	5.95084789644633E-5
97.36486435	5.9445764468606E-5
97.5263405	5.94683390028472E-5
97.68803785	5.94395632498937E-5
97.85206985	5.93793371950282E-5
98.026001	5.93293606933685E-5
98.19130325	5.92940217719764E-5
98.3532791	5.92757019678215E-5
98.52206805	5.92480581524693E-5
98.684063	5.92371843900886E-5
98.83918	5.91556674176415E-5
98.9976349	5.91282951722803E-5
99.1634064	5.91003296918761E-5
99.3295288	5.90826874524678E-5
99.4969902	5.90281997957393E-5
99.6693001	5.89820663139351E-5
101.4359589	5.85991913820538E-5
101.50197985	5.85797371521443E-5
101.6537361	5.8549675872676E-5
101.82102585	5.85082306271862E-5
101.98902515	5.84815353709111E-5
102.1506348	5.8447481664889E-5
102.3092461	5.84306714370264E-5
102.4812508	5.83583587897569E-5
102.64458085	5.83385483420885E-5
102.80179975	5.82837928721435E-5
102.9677467	5.82615954155277E-5
103.13324355	5.8231826896145E-5
103.30080035	5.8183437161403E-5
103.473671	5.81378947311548E-5
103.63626485	5.8120658945483E-5
103.8034325	5.80867454442832E-5
103.9714699	5.80532113246519E-5
104.12895585	5.80276105800961E-5
104.29065705	5.79973947304727E-5
104.45417785	5.79741684064225E-5
104.6233215	5.79441889023415E-5
104.7908897	5.78974603284896E-5
104.9565849	5.78328200549057E-5
105.1251602	5.78133654966033E-5
105.28944395	5.78077057623934E-5
105.4509163	5.77467986160695E-5
105.6143532	5.77141965405378E-5
105.7849579	5.76750969588399E-5
105.95336915	5.76535664026334E-5
106.11758805	5.76101953920119E-5
106.2897568	5.75783407396355E-5
106.45334245	5.7540417461795E-5
106.6111336	5.75174855769854E-5
106.77949145	5.75013016492662E-5
106.9460602	5.74335355332021E-5
107.11241535	5.74292443915811E-5
107.27401355	5.74017643541874E-5
107.4378395	5.73711921598154E-5
107.60838695	5.73344681292567E-5
107.7751083	5.73062589267969E-5
107.94369505	5.72797532183991E-5
108.11177445	5.72546341132061E-5
108.2710266	5.72116917416391E-5
108.4419746	5.72110973589462E-5
108.61819075	5.71301675053152E-5
108.78048325	5.71384723894789E-5
108.93647005	5.71031896269432E-5
109.0952797	5.70488456594959E-5
109.2606964	5.70208142195227E-5
109.4247513	5.69897040391496E-5
109.5989418	5.69491552109147E-5
109.77346035	5.69432049910322E-5
109.9347305	5.68977809417356E-5
110.0986366	5.68649125778596E-5
110.2676048	5.68454501589794E-5
111.9782028	5.64923667743044E-5
112.07489395	5.64588716540649E-5
112.256588	5.64407079959543E-5
112.42138675	5.63990598096872E-5
112.58453755	5.63942080022603E-5
112.7504616	5.63359110995361E-5
112.91656875	5.63350693520933E-5
113.0844917	5.62891393254843E-5
113.24649425	5.62465850627214E-5
113.41521835	5.62132696986113E-5
113.58418655	5.61984961752772E-5
113.74822995	5.6172264152043E-5
113.91905975	5.61062624373906E-5
114.0806427	5.60972775932629E-5
114.237854	5.60517654192904E-5
114.4119568	5.60664485032678E-5
114.5826416	5.6012226138188E-5
114.7434883	5.5981379141626E-5
114.90722655	5.5955569305629E-5
115.0756302	5.59346385582087E-5
115.24471665	5.58961860703039E-5
115.41114805	5.58725961068914E-5
115.58149335	5.58563400517884E-5
115.73958965	5.58148610931847E-5
115.9020233	5.58111089963598E-5
116.06404495	5.57982159300163E-5
116.2259903	5.57523964409069E-5
116.40353775	5.57237600031656E-5
116.57243345	5.57092060681471E-5
116.73021315	5.56633282905122E-5
116.8922119	5.56322595769781E-5
117.0586853	5.560864795383E-5
117.2294884	5.55987599103214E-5
117.4029503	5.55628478384424E-5
117.56814195	5.55294296728064E-5
117.73196795	5.54837051477604E-5
117.8976822	5.55042094286413E-5
118.0620804	5.54511397745157E-5
118.23038485	5.54080826122908E-5
118.3998947	5.53663210511756E-5
118.56659315	5.53419439727945E-5
118.73152545	5.53332410228949E-5
118.894722	5.53127297658392E-5
119.0582733	5.52918995586236E-5
119.2244339	5.52737100070714E-5
119.38837815	5.52314270573332E-5
119.5573578	5.51806586773473E-5
119.7267151	5.51894791073891E-5
119.89058685	5.5154362079248E-5
120.0577049	5.51290529757749E-5
120.2205009	5.50949251159082E-5
120.3859367	5.5073031531722E-5
120.551712	5.50498997154242E-5
120.71230695	5.50119701489169E-5
120.8808174	5.49799092791339E-5
122.6374664	5.46954571274344E-5
122.713871	5.46686913924323E-5
122.8778	5.46303000342418E-5
123.0484047	5.46287765864263E-5
123.2101822	5.46024777698232E-5
123.37438965	5.45236452104831E-5
123.54341125	5.45127099279047E-5
123.71022035	5.45211348139899E-5
123.87565615	5.44920776911517E-5
124.04182815	5.4440098767502E-5
124.20954895	5.44306112651564E-5
124.3761101	5.43963915969411E-5
124.53398515	5.43824344501418E-5
124.69496155	5.43651878501594E-5
124.8656273	5.4322016431756E-5
125.03074265	5.43250238575178E-5
125.19111635	5.42850954165116E-5
125.35626225	5.42673765574531E-5
125.5231476	5.42564957582226E-5
125.6918144	5.41999355937423E-5
125.8624458	5.41949896337062E-5
126.02991105	5.41671779879708E-5
126.19381715	5.41296479968801E-5
126.34604645	5.41060586893179E-5
126.51646045	5.40875196971983E-5
126.6802292	5.40472991837768E-5
126.837059	5.40344553770885E-5
127.00429535	5.39916818175484E-5
127.1626778	5.3991816891944E-5
127.33955385	5.39569991291956E-5
127.51961135	5.39280757036141E-5
127.69021225	5.39019364014768E-5
127.85816955	5.38879479989163E-5
128.01296995	5.38669189780583E-5
128.1778946	5.38427707207161E-5
128.35198215	5.38027644479228E-5
128.5126648	5.37802179608693E-5
128.6819458	5.37653876416213E-5
128.8450165	5.3728688825391E-5
129.0072708	5.37132277144145E-5
129.1801376	5.36863466652616E-5
129.3444748	5.36599289397226E-5
129.51137545	5.36193836904566E-5
129.683197	5.36072483688415E-5
129.85093685	5.36264381566437E-5
130.0069122	5.35813685983473E-5
130.1784439	5.35398925274606E-5
130.35406495	5.35470446730623E-5
130.51532745	5.35236612820501E-5
130.6814575	5.34870188509245E-5
130.83475495	5.34653198656167E-5
131.0016251	5.34209429313052E-5
131.16988375	5.33978840931626E-5
131.33465575	5.34079501563197E-5
131.5144577	5.33416791518979E-5
133.3029251	5.31423752777566E-5
133.3647995	5.31477707513655E-5
133.5066071	5.30852827810425E-5
133.6734467	5.30937735417957E-5
133.82605745	5.30308237685289E-5
134.00173185	5.30589080409422E-5
134.1683273	5.30339535897554E-5
134.32819365	5.29852258055269E-5
134.4982605	5.2979893497139E-5
134.67097475	5.29706241421204E-5
134.83687595	5.29271903018927E-5
134.9950104	5.28698461677679E-5
135.16529085	5.2892487696918E-5
135.34261325	5.2847745160499E-5
135.51617435	5.27670477578734E-5
135.67333985	5.28102017329248E-5
135.83055875	5.2785406174686E-5
135.9981308	5.27651138225918E-5
136.17185215	5.27410956930341E-5
136.34347535	5.26985913109726E-5
136.51457215	5.26863735713217E-5
136.6751175	5.26797657887272E-5
136.84055325	5.26594707490442E-5
137.00918575	5.26181475046919E-5
137.17863465	5.26272416351317E-5
137.3451157	5.25932184589898E-5
137.5040131	5.25700626230735E-5
137.67087555	5.25262334773847E-5
137.8343658	5.25160279664313E-5
138.00830075	5.24861266261347E-5
138.18707275	5.24989878929999E-5
138.3451538	5.24464053612265E-5
138.51229855	5.24267358339516E-5
138.6807098	5.23884851843264E-5
138.8400421	5.23936435674375E-5
139.0156555	5.23576888684679E-5
139.1865692	5.23530983299988E-5
139.3465805	5.23420628048894E-5
139.50614165	5.23113148617744E-5
139.68006135	5.22831099373689E-5
139.85795595	5.22629450556913E-5
140.02957155	5.22321688018315E-5
140.19617465	5.22289728873218E-5
140.3503876	5.22038559830158E-5
140.5177536	5.21961773179172E-5
140.69838715	5.21525130221721E-5
140.85714725	5.21522539043844E-5
141.0117798	5.20980476268468E-5
141.18580625	5.20883850436653E-5
141.36284635	5.20568409805533E-5
141.5187988	5.20573582476259E-5
141.6878662	5.20106981923311E-5
141.85658265	5.19781731674808E-5
142.0168228	5.19752828002454E-5
142.18373105	5.19707536057291E-5
143.99011995	5.17688300400146E-5
144.0564575	5.17266415748258E-5
144.19465635	5.16942901950068E-5
144.3665161	5.16492038950208E-5
144.53505705	5.1662571933639E-5
144.70623015	5.16408855424293E-5
144.86559295	5.16362128342459E-5
145.0233612	5.16205811852465E-5
145.19120025	5.15868483623671E-5
145.3610306	5.15837279376618E-5
145.5341187	5.1529685282385E-5
145.7017212	5.1516142137394E-5
145.86790465	5.14845907418014E-5
146.0247345	5.14654370704741E-5
146.1875458	5.14487001446665E-5
146.35945895	5.14601541892566E-5
146.52303315	5.14164845956958E-5
146.6826935	5.14074197767069E-5
146.83898165	5.13664827925469E-5
147.00434115	5.13530476446998E-5
147.17314915	5.13239784260663E-5
147.3400803	5.13015726995045E-5
147.50462345	5.1293472168392E-5
147.6689377	5.12702599771437E-5
147.8362732	5.12746803587852E-5
148.00538635	5.12172679114853E-5
148.1789703	5.12037759067547E-5
148.35072325	5.1171612074507E-5
148.5063553	5.11824425306576E-5
148.667305	5.11795077320627E-5
148.8395767	5.11443083585505E-5
149.00193785	5.11053152228249E-5
149.16911315	5.10845251117461E-5
149.34376525	5.10858139226767E-5
149.50632475	5.10716983525738E-5
149.6695404	5.10363380131745E-5
149.841362	5.10460006901417E-5
150.00720975	5.10144765870024E-5
150.1727142	5.09590432879812E-5
150.33847805	5.09713632437483E-5
150.50728605	5.095447671853E-5
150.67575835	5.09255034892405E-5
150.84176635	5.0904970168009E-5
151.00401305	5.08882676268107E-5
151.16550445	5.08768997790248E-5
151.33262635	5.08559716446989E-5
151.49811555	5.08504429904812E-5
151.66506195	5.0810993268292E-5
151.83592985	5.07898932811721E-5
152.0008392	5.07729180171062E-5
152.16187285	5.07397681764056E-5
152.32318115	5.0756937870732E-5
152.49165345	5.06986892489523E-5
152.66487125	5.06852246573563E-5
152.8261185	5.06746113159546E-5
154.6010132	5.04551066779306E-5
154.66856385	5.04588871148272E-5
154.81414795	5.04211525145702E-5
154.97449495	5.04146339450137E-5
155.14403535	5.0405282246843E-5
155.3145828	5.03928867607019E-5
155.4819107	5.0324514067733E-5
155.64115905	5.03529532425098E-5
155.80837245	5.03183151339175E-5
155.9766006	5.02962271430126E-5
156.1400299	5.02956305427942E-5
156.30389405	5.0270116027412E-5
156.4696045	5.02473715510969E-5
156.64537815	5.0221965732436E-5
156.8068314	5.02102053571689E-5
156.9649048	5.01856258514109E-5
157.1301346	5.01606212581109E-5
157.29595185	5.01692309570296E-5
157.461853	5.01440405126105E-5
157.62330625	5.01259706733186E-5
157.79299165	5.01026480074293E-5
157.96743015	5.00883219857967E-5
158.13450625	5.00494086961754E-5
158.30017855	5.00508962796199E-5
158.4606476	5.00345412017974E-5
158.6173172	4.99819395064821E-5
158.7865982	4.99683967365281E-5
158.9544525	4.99690641263382E-5
159.11907955	4.99709679215072E-5
159.28848265	4.99459681784649E-5
159.45313265	4.99229009002109E-5
159.6211777	4.98801738239848E-5
159.78958895	4.98835497919076E-5
159.95661925	4.98495801977762E-5
160.12545775	4.98252351692627E-5
160.2898941	4.98106265133686E-5
160.44987485	4.97923413000584E-5
160.61055755	4.97680024485593E-5
160.78011325	4.9770043886055E-5
160.95383455	4.97523491743958E-5
161.12054445	4.97373441496572E-5
161.28935245	4.9712048198911E-5
161.4486847	4.96984543845643E-5
161.6132431	4.96705676937587E-5
161.78435515	4.96757084187218E-5
161.9410095	4.96419442607556E-5
162.10562135	4.96016895688093E-5
162.2771988	4.96238308359867E-5
162.44039155	4.9565284236085E-5
162.60153965	4.95735208903932E-5
162.76358035	4.9528861270815E-5
162.92601015	4.95298794739356E-5
163.09791565	4.95195623386767E-5
163.2698898	4.95135192702836E-5
163.43448635	4.94928318998345E-5
165.2269745	4.92873710853466E-5
165.2911377	4.92762147520631E-5
165.43898775	4.92491562260299E-5
165.6045151	4.92552669087407E-5
165.76148225	4.92300712336827E-5
165.9182358	4.92021490849624E-5
166.0841751	4.91892873928096E-5
166.25463865	4.91935309956646E-5
166.42310335	4.91625118186635E-5
166.58872985	4.91716298387576E-5
166.7583847	4.9110489021183E-5
166.929245	4.91113998419034E-5
167.09734345	4.91029278819993E-5
167.26127625	4.90694699114395E-5
167.42811585	4.90686928128415E-5
167.5991898	4.90588512535205E-5
167.76363375	4.90481744460194E-5
167.9290695	4.90198149078749E-5
168.0874786	4.90058221696789E-5
168.24487305	4.90031884422812E-5
168.41736605	4.8954692641382E-5
168.5735245	4.89445631650886E-5
168.7399445	4.89226321725526E-5
168.91557315	4.89090902191943E-5
169.0797806	4.88625634722666E-5
169.24629975	4.88523271519784E-5
169.407814	4.88647376918671E-5
169.57998655	4.88157713518001E-5
169.7475586	4.88343562168322E-5
169.9053192	4.87914652770107E-5
170.0760498	4.87917043264261E-5
170.248642	4.87695721559691E-5
170.40171055	4.87619612030853E-5
170.56430055	4.87436372509962E-5
170.74259185	4.8708527423185E-5
170.90058135	4.87222205721054E-5
171.0681076	4.86988653822059E-5
171.2481079	4.8684576157574E-5
171.40964505	4.86541696473007E-5
171.56908415	4.86239453284032E-5
171.7376709	4.86087875964407E-5
171.9073181	4.86105616714359E-5
172.0674362	4.85744170093773E-5
172.2374878	4.85890387494914E-5
172.4001236	4.85930789668296E-5
172.56534575	4.8544488349588E-5
172.7428665	4.85193686654021E-5
172.89958955	4.84949833974271E-5
173.0549469	4.84863884143121E-5
173.21850585	4.84827999095872E-5
173.3920746	4.84488525147055E-5
173.5647354	4.84488486193127E-5
173.7290039	4.84324648164387E-5
173.8865433	4.84285843186486E-5
174.05046085	4.83865841258007E-5
175.85111235	4.81983942091226E-5
175.9149246	4.81801227358334E-5
176.05418395	4.81662696933204E-5
176.2312088	4.81466336872093E-5
176.40276335	4.80948151156725E-5
176.5699768	4.81403482698539E-5
176.72519685	4.81134621133088E-5
176.88734435	4.80836535860117E-5
177.05332945	4.80670562633964E-5
177.21001435	4.8030517883856E-5
177.3735657	4.80398785078515E-5
177.5372467	4.8034927268637E-5
177.70716095	4.80065753349039E-5
177.87741855	4.8003401270961E-5
178.03907775	4.79478150539507E-5
178.20838165	4.79664167742188E-5
178.3740616	4.79281898466911E-5
178.54141235	4.79187670905255E-5
178.715744	4.79279245274653E-5
178.88864895	4.78741563375576E-5
179.0559616	4.78474803623469E-5
179.21816255	4.78687705888204E-5
179.3710785	4.78477984129139E-5
179.52628325	4.78546971207334E-5
179.7019119	4.78290174794191E-5
179.8676071	4.78121596837158E-5
180.0377121	4.78166087732735E-5
180.21308135	4.7747152296429E-5
180.3797531	4.77303291674347E-5
180.5485382	4.77307357647213E-5
180.71109005	4.77106140162712E-5
180.87130735	4.76970217197806E-5
181.03124235	4.76935792651816E-5
181.19123075	4.76858866470667E-5
181.36517335	4.76768455720344E-5
181.544281	4.76531871927466E-5
181.70955655	4.76388328979156E-5
181.87457275	4.76161199151767E-5
182.03936005	4.75778410464772E-5
182.2010727	4.75933275981846E-5
182.3631058	4.76037656973493E-5
182.5324097	4.75487576146753E-5
182.70510105	4.75219792556139E-5
182.8686295	4.75285388869619E-5
183.0256577	4.75135027047687E-5
183.18444065	4.74964267762408E-5
183.3587265	4.74743786400212E-5
183.53180695	4.74903748119243E-5
183.6947327	4.74692437310142E-5
183.85935215	4.74204518141115E-5
184.03154755	4.74246985274643E-5
184.1905136	4.73934457445936E-5
184.34583285	4.73743196740476E-5
184.5211792	4.7369106310125E-5
184.69211575	4.73480354201445E-5
186.4955292	4.71663195827623E-5
186.5465393	4.71427602754354E-5
186.6854858	4.7147196894745E-5
186.8537216	4.71682017448766E-5
187.01447295	4.70949795864521E-5
187.1748352	4.71151394600286E-5
187.3383484	4.70924483109109E-5
187.50483705	4.70873125043425E-5
187.6778107	4.70916721565502E-5
187.85352325	4.70434773068479E-5
188.01068875	4.70514389442701E-5
188.16378785	4.70187058611978E-5
188.33126835	4.70449105266915E-5
188.50629425	4.7010779902062E-5
188.67317195	4.69691510652933E-5
188.83091735	4.69668247915153E-5
188.99697115	4.69672582272146E-5
189.16093445	4.69661078281137E-5
189.3209686	4.69106405117218E-5
189.4995651	4.69392252391041E-5
189.67201995	4.68815895029625E-5
189.8347931	4.68870764293324E-5
189.99958805	4.688041515152E-5
190.1642075	4.68561336790936E-5
190.34323885	4.68550347377467E-5
190.5104828	4.68624718516089E-5
190.67505645	4.67937938841946E-5
190.8491745	4.67988863922077E-5
191.00654605	4.6777943450962E-5
191.1617737	4.67645374198568E-5
191.3274536	4.67636692422169E-5
191.49233245	4.67498071289597E-5
191.65560915	4.67427576211839E-5
191.8264618	4.67045084625951E-5
191.9931183	4.67178050847921E-5
192.1541672	4.66748575136311E-5
192.3324814	4.66665639878082E-5
192.50299835	4.66627938666895E-5
192.6661453	4.66178163028447E-5
192.83801265	4.66332102552847E-5
192.99924465	4.65980900534451E-5
193.1609268	4.65846567642819E-5
193.337265	4.65529491665597E-5
193.5067978	4.65783402003369E-5
193.66687775	4.65342786191301E-5
193.82798	4.6539035178925E-5
193.98654175	4.6520064701497E-5
194.15409855	4.64857472885328E-5
194.3215027	4.64706109944892E-5
194.48496245	4.64686793112746E-5
194.6507797	4.64467793488499E-5
194.81841275	4.6439663599266E-5
194.9820404	4.64286426445326E-5
195.14563755	4.6414419335185E-5
195.31349185	4.64219618917817E-5
197.0997772	4.6194218869521E-5
197.1646347	4.61928897451566E-5
197.31077575	4.61859587292489E-5
197.4759903	4.61690299280764E-5
197.64842225	4.61558123017129E-5
197.81459045	4.61423434211532E-5
197.97449495	4.61016415730687E-5
198.13822175	4.60888601203621E-5
198.301651	4.61065065198388E-5
198.4662094	4.60737449319117E-5
198.63602445	4.60693276636486E-5
198.80400845	4.6043688896327E-5
198.96936795	4.60468977753059E-5
199.1359863	4.60316532142953E-5
199.30899045	4.60073351793885E-5
199.480278	4.59697605195934E-5
199.64727785	4.59684359322875E-5
199.81105045	4.59540870320794E-5
199.96940615	4.59867857782884E-5
200.14104465	4.5966185422672E-5
200.30425265	4.59149457502111E-5
200.46076205	4.59179055546794E-5
200.6316605	4.58857309462574E-5
200.80194095	4.58742816206396E-5
200.9620209	4.58941952949666E-5
201.128479	4.58877401414177E-5
201.2959213	4.58371718514149E-5
201.45989225	4.5810518576021E-5
201.6307602	4.57977671553427E-5
201.80105595	4.57935138104137E-5
201.96574405	4.57944327257517E-5
202.1315155	4.57918746832465E-5
202.30036925	4.57623354964787E-5
202.46416475	4.57426940651745E-5
202.6283646	4.5751217819754E-5
202.7925339	4.5723466395067E-5
202.96800995	4.56989897317775E-5
203.1383133	4.56896010290659E-5
203.29600525	4.56880498687819E-5
203.4635086	4.5668471980393E-5
203.6311722	4.56454431428962E-5
203.7948761	4.56581706770929E-5
203.9610901	4.5643390518544E-5
204.1316681	4.56172387129032E-5
204.3010864	4.56009715422928E-5
204.4683151	4.55706562060043E-5
204.63331605	4.558361329575E-5
204.7964478	4.55406314459173E-5
204.9643097	4.5545280562198E-5
205.12554165	4.54986096667411E-5
205.29025265	4.55070997849427E-5
205.461647	4.54918102518577E-5
205.6286163	4.54820297862543E-5
205.79551695	4.54512070965346E-5
205.9520569	4.54398794093618E-5
207.73766325	4.52976950312089E-5
207.8150177	4.52878247704153E-5
207.96271515	4.52640461873708E-5
208.1317444	4.52623782224129E-5
208.29724885	4.52348644668E-5
208.46432495	4.52452701952197E-5
208.62957765	4.52369969806657E-5
208.79756165	4.52278352819596E-5
208.9603729	4.5184978631568E-5
209.1303253	4.51932424313742E-5
209.30805205	4.51504227024045E-5
209.46970365	4.51568687533846E-5
209.6289444	4.51362870031001E-5
209.7920685	4.51167255695539E-5
209.9630127	4.50910839500769E-5
210.1284561	4.50911665868491E-5
210.295372	4.50832885529125E-5
210.4651642	4.50680577436852E-5
210.6309433	4.50359172463221E-5
210.8016586	4.50565742864782E-5
210.96770475	4.50323621797977E-5
211.1308975	4.50257689808163E-5
211.3025131	4.49694800425815E-5
211.4749527	4.49907117821036E-5
211.6359253	4.49856997398542E-5
211.8010483	4.49824766232953E-5
211.972168	4.49511961690059E-5
212.14019775	4.49416573489529E-5
212.3092575	4.49052864676243E-5
212.4686661	4.491402335403E-5
212.633461	4.48799981210991E-5
212.8098602	4.48706755066249E-5
212.97227475	4.48698255655245E-5
213.13666535	4.48326538040432E-5
213.29987335	4.48390489384134E-5
213.4561386	4.48295774919924E-5
213.6230011	4.4799743099904E-5
213.79348755	4.47914212011109E-5
213.96777345	4.47975402665561E-5
214.1398239	4.47419923177337E-5
214.30758665	4.47359558504676E-5
214.46800995	4.4726551907266E-5
214.6271515	4.47067087079358E-5
214.80228425	4.47032292651828E-5
214.97558595	4.46762532897249E-5
215.14255525	4.4663850655112E-5
215.30921935	4.46639545543105E-5
215.475296	4.4672288134602E-5
215.6363373	4.46383226925286E-5
215.798584	4.46145350511345E-5
215.9658127	4.46184868275782E-5
216.13622285	4.46097935174683E-5
216.2954788	4.45964269108778E-5
216.467041	4.45885967823914E-5
216.6477966	4.45508618462203E-5
218.4668579	4.44093109485952E-5
218.507637	4.43862483111404E-5
218.6408615	4.43659605733852E-5
218.8181763	4.43805755242017E-5
218.97550205	4.43638315388862E-5
219.13782505	4.43543802858835E-5
219.3168259	4.43366091951328E-5
219.47405245	4.43503206484905E-5
219.63803865	4.43228406808948E-5
219.819252	4.42898993780424E-5
219.99048615	4.43102328778429E-5
220.14743045	4.42939809356474E-5
220.31417085	4.42767051565674E-5
220.49513245	4.42286722629808E-5
220.6646576	4.42620824850669E-5
220.82675935	4.42188664332064E-5
220.9814148	4.42177487021955E-5
221.14779665	4.42203283277468E-5
221.3191376	4.41859147918514E-5
221.4846115	4.41859314299509E-5
221.65808105	4.41505188133058E-5
221.831337	4.41566735348307E-5
222.00009155	4.41221950657911E-5
222.1711044	4.41369368099217E-5
222.32834625	4.41172435134972E-5
222.48687745	4.40842430362394E-5
222.6570587	4.40840736738852E-5
222.83745575	4.40680423584252E-5
223.0050583	4.40728823751868E-5
223.17221835	4.40287916091469E-5
223.33810425	4.4032724665744E-5
223.49397275	4.39977368638003E-5
223.66386415	4.39883387787046E-5
223.8404236	4.39952279342507E-5
224.01873015	4.3976363050375E-5
224.1742935	4.39480396969581E-5
224.3297043	4.39605348877906E-5
224.5091782	4.39570313924924E-5
224.6764374	4.39334785324612E-5
224.83461	4.39150592258079E-5
225.0035858	4.38856680893029E-5
225.1728439	4.3883843072188E-5
225.3424759	4.38724587427238E-5
225.51567845	4.38506828095957E-5
225.6760178	4.3846710899683E-5
225.8314667	4.38472602230329E-5
226.00317385	4.37997180626178E-5
226.1678543	4.38139962708113E-5
226.3320999	4.37862784853813E-5
226.5014496	4.37730833451902E-5
226.6728363	4.37627816429215E-5
226.84203335	4.373058505838E-5
227.01380155	4.37435426942394E-5
227.18346405	4.3710019286885E-5
227.3540497	4.37147007213078E-5
229.176712	4.35556315815776E-5
229.22737885	4.3555927759806E-5
229.36003115	4.35153821509382E-5
229.53004455	4.35349389080416E-5
229.7009506	4.35243623998906E-5
229.85633085	4.35179802864506E-5
230.02376555	4.35031224580661E-5
230.2041702	4.34910820719999E-5
230.3687286	4.34850334725664E-5
230.5279846	4.34508006698875E-5
230.6852417	4.34391292745375E-5
230.8558502	4.34399704999172E-5
231.02820585	4.34233512599526E-5
231.1833496	4.33884106799304E-5
231.3435135	4.33901602202545E-5
231.5101242	4.33852435976924E-5
231.67938995	4.33941765049803E-5
231.8458405	4.33591121511478E-5
232.016037	4.33387870736738E-5
232.18914795	4.33454565769287E-5
232.3540192	4.33091759523883E-5
232.50997925	4.33164549778643E-5
232.6697006	4.33096690582856E-5
232.8434448	4.32543992064265E-5
233.01331325	4.32462301249861E-5
233.16610715	4.3281181786043E-5
233.3209381	4.32450352104538E-5
233.49700925	4.32117393398421E-5
233.6733856	4.32053952015854E-5
233.8263092	4.32196475795348E-5
233.9764633	4.31999348455438E-5
234.14338685	4.31592104631508E-5
234.30989075	4.31344672793683E-5
234.473114	4.31390564933616E-5
234.64405825	4.31253623865827E-5
234.80687715	4.3112837371765E-5
234.9593582	4.31045073136824E-5
235.1180191	4.3098321298989E-5
235.2823639	4.30781999481945E-5
235.458107	4.30755703171288E-5
235.62197115	4.30493694887949E-5
235.77339175	4.30438458043206E-5
235.94625095	4.30368361430492E-5
236.1207352	4.30234465373432E-5
236.27384185	4.30120969840505E-5
236.42913055	4.30200513998948E-5
236.59718325	4.29679098881053E-5
236.76866915	4.30031000341152E-5
236.9300461	4.29346964439632E-5
237.0889206	4.29450616044307E-5
237.25862885	4.29194476076281E-5
237.42678835	4.29098670109978E-5
237.5913544	4.29239659285997E-5
237.7641907	4.29114468736036E-5
237.9315262	4.28849136616505E-5
239.6949615	4.27571186702441E-5
239.7804794	4.27559079539715E-5
239.9422302	4.27521011715831E-5
240.09973145	4.27386769965162E-5
240.2693253	4.27122395828324E-5
240.4351044	4.2708899025093E-5
240.59967805	4.26815183544275E-5
240.765007	4.26397869168591E-5
240.92908475	4.26721119356565E-5
241.09462735	4.2628540007452E-5
241.25595855	4.26360521309945E-5
241.4207001	4.26171797744942E-5
241.5886612	4.26147565822238E-5
241.7597656	4.25613717057139E-5
241.92375945	4.25896081050961E-5
242.0867615	4.2553686127023E-5
242.2555237	4.25712500444378E-5
242.42248535	4.25722675130873E-5
242.59580995	4.25586655151468E-5
242.7652512	4.25355105016055E-5
242.9232941	4.25179183916027E-5
243.0889969	4.25041395541402E-5
243.25981905	4.24971464759307E-5
243.4299622	4.24929415785365E-5
243.5966492	4.24668856846181E-5
243.7555313	4.24523660794793E-5
243.9189758	4.24581545902136E-5
244.08598325	4.24602252802851E-5
244.25510405	4.24076153301308E-5
244.4261627	4.23967787921078E-5
244.5903244	4.23715062315077E-5
244.749794	4.2361761646153E-5
244.9140396	4.23984988171225E-5
245.0786972	4.23734728643681E-5
245.24448395	4.23664912672859E-5
245.4171448	4.2323920978581E-5
245.57878115	4.23274106197896E-5
245.73781585	4.23177496575988E-5
245.90312955	4.23009072207615E-5
246.06799315	4.22822437856413E-5
246.2359314	4.223449158185E-5
246.39240265	4.22688249992717E-5
246.548439	4.22194696713266E-5
246.71456145	4.21836925374933E-5
246.87538145	4.21997966794301E-5
247.03131865	4.22200823514061E-5
247.187088	4.2167607518761E-5
247.34643555	4.21592000109345E-5
247.50823975	4.21491438061089E-5
247.66080475	4.21231021876493E-5
247.8153763	4.21086434696712E-5
247.9796219	4.21299020553167E-5
248.1404953	4.2104869417213E-5
248.29884335	4.21031795718623E-5
248.4565277	4.20972125357847E-5
248.6268387	4.20791118870069E-5
250.3548126	4.19668225006428E-5
250.42394255	4.19499271498006E-5
250.5748291	4.19329863854957E-5
250.7283783	4.19210534657152E-5
250.8788147	4.19052657225708E-5
251.042572	4.19107531320235E-5
251.20875545	4.18977611260183E-5
251.3738098	4.18903622576158E-5
251.5287323	4.18716661942867E-5
251.68466185	4.18647577171048E-5
251.84121705	4.18704074524983E-5
251.99047855	4.1855585338461E-5
252.15220645	4.18415646486129E-5
252.31258395	4.18366022078714E-5
252.46969605	4.17999304738485E-5
252.62730405	4.17948729630378E-5
252.78578945	4.18061549417586E-5
252.94849395	4.17861510573826E-5
253.1046677	4.17550727206824E-5
253.2606583	4.17201941104586E-5
253.421196	4.17298897224197E-5
253.5829239	4.16971885072968E-5
253.74497225	4.17215927170195E-5
253.9028168	4.17060316367924E-5
254.05809785	4.16689621981472E-5
254.2107086	4.16598359854282E-5
254.3730087	4.16743038965193E-5
254.5356369	4.16404280990482E-5
254.68909455	4.1644007877725E-5
254.84135435	4.16419134926796E-5
255.00134275	4.16444716830444E-5
255.17038725	4.16194732703794E-5
255.32131195	4.15848310037393E-5
255.4663544	4.1586737970201E-5
255.6270981	4.15570913308884E-5
255.79045105	4.15643873803596E-5
255.9466324	4.15489661807175E-5
256.10255435	4.15211231901661E-5
256.2527008	4.15417917962827E-5
256.4021606	4.15249571468472E-5
256.55728145	4.14878112724683E-5
256.70439145	4.1499697309536E-5
256.84661865	4.14613153185542E-5
256.9963074	4.14588078716562E-5
257.1493683	4.14611397710704E-5
257.29566955	4.1460786473238E-5
257.4416809	4.1452394581953E-5
257.590332	4.14430944007262E-5
257.73976135	4.14015088805443E-5
257.88421635	4.14352362569737E-5
258.03327945	4.14134615104129E-5
258.19075015	4.14065228758057E-5
258.33985905	4.14100954626444E-5
258.5031128	4.13742250087495E-5
258.677063	4.13648515106739E-5
258.8641663	4.13687721143322E-5
259.06178285	4.13470733072011E-5
259.25149535	4.13599646538434E-5
261.1565857	4.12961679100314E-5
261.23783875	4.12854326424255E-5
261.4053192	4.13084255971084E-5
261.56510925	4.12900576281583E-5
261.73887635	4.12808081589034E-5
261.92962645	4.12445387070751E-5
262.10466	4.12394811720657E-5
262.2800903	4.12422039811442E-5
262.4568176	4.12363721425607E-5
262.6298828	4.12267478551185E-5
262.79182435	4.12149350072755E-5
262.95881655	4.11549803160906E-5
263.13490295	4.11721491472E-5
263.31288145	4.1139356237389E-5
263.4935608	4.10901813411026E-5
263.6649933	4.1133507163183E-5
263.83210755	4.11194365321608E-5
263.99824525	4.11152567377638E-5
264.1655121	4.10803911456037E-5
264.33129885	4.10579685552594E-5
264.4939423	4.10675616428213E-5
264.64442445	4.10703889498227E-5
264.80804445	4.10359491995584E-5
264.9815674	4.10569577541558E-5
265.1374359	4.09879750932144E-5
265.3061981	4.10121535757062E-5
265.48620605	4.10118754803909E-5
265.6575775	4.09583053907669E-5
265.8396301	4.09549770046805E-5
266.02619935	4.09718243624415E-5
266.1932526	4.09161089560587E-5
266.36799625	4.08888668961549E-5
266.5574646	4.08921771705705E-5
266.73150635	4.08833455964335E-5
266.904892	4.08517895551575E-5
267.0801697	4.08376208581219E-5
267.23776245	4.08498608127092E-5
267.39341735	4.08337717531546E-5
267.56796265	4.07850811870725E-5
267.7342224	4.07719416992693E-5
267.9030914	4.07927203553619E-5
268.0716858	4.07929929380777E-5
268.22874455	4.07539798293885E-5
268.3934021	4.074316590594E-5
268.55911255	4.07456899177733E-5
268.73637395	4.07263282467748E-5
268.90924075	4.07036378223687E-5
269.08078005	4.07562431641053E-5
269.25488285	4.07194388428804E-5
269.41838075	4.06759087195034E-5
269.5803833	4.06773974578771E-5
269.74440005	4.06628686443289E-5
269.9102173	4.06617289059358E-5
271.6642761	4.05323193106505E-5
271.73202515	4.05259107606079E-5
271.8809662	4.05206765369947E-5
272.05010985	4.04862124039378E-5
272.21977235	4.05227115984844E-5
272.37272645	4.04932442870535E-5
272.52986145	4.04803871750999E-5
272.69685365	4.04494605323087E-5
272.86273195	4.04675175112829E-5
273.0279694	4.04448422967026E-5
273.18916325	4.04259771229058E-5
273.35418705	4.04024537134143E-5
273.52471925	4.04044634019457E-5
273.69932555	4.03824955198164E-5
273.87272645	4.03760374417454E-5
274.0290985	4.03430923374592E-5
274.19421385	4.03667161889263E-5
274.3599701	4.03569937931045E-5
274.51911925	4.03656211339721E-5
274.69921875	4.03138208039605E-5
274.8646088	4.03082450550652E-5
275.02258305	4.03168439040139E-5
275.19729615	4.02919448121514E-5
275.3725433	4.02787250842907E-5
275.53147885	4.02480452395266E-5
275.6843414	4.02215236497141E-5
275.84680175	4.02257914154476E-5
276.0158081	4.02251802868953E-5
276.18136595	4.02509129059298E-5
276.3481903	4.02244357075809E-5
276.51927185	4.02224821199773E-5
276.68275455	4.01965016785641E-5
276.8540802	4.01914324302298E-5
277.02799985	4.01595889751024E-5
277.1919403	4.01516736306995E-5
277.3570099	4.01174360647442E-5
277.51957705	4.01601745369691E-5
277.6853943	4.01189076785232E-5
277.855423	4.0117530762313E-5
278.02413945	4.00822361152722E-5
278.197403	4.00820946213535E-5
278.37316895	4.00691457059841E-5
278.54714965	4.00418429831937E-5
278.72200015	4.00863617563402E-5
278.88194275	4.00364428916822E-5
279.04780575	4.00204334082669E-5
279.2190704	3.99953555225167E-5
279.38301085	4.00283799301007E-5
279.54997255	3.99834274717537E-5
279.71704105	3.9997650564183E-5
279.8918915	3.9986401185349E-5
280.06915285	3.99358651989523E-5
280.24102785	3.99686682012162E-5
280.4122925	3.99360543090623E-5
280.576828	3.99246788696431E-5
282.3728638	3.97455284137896E-5
282.44038395	3.97646598642538E-5
282.5896454	3.97389010287583E-5
282.75575255	3.97234416911625E-5
282.9263153	3.97629693617507E-5
283.097229	3.97356499825709E-5
283.26361085	3.97304998290721E-5
283.42575075	3.97226931186406E-5
283.58903505	3.97106554316165E-5
283.7573395	3.97114246284805E-5
283.9261017	3.96561875656898E-5
284.09214785	3.96506199064509E-5
284.26991275	3.96649997781071E-5
284.4365082	3.96255362754547E-5
284.59202575	3.96220150731402E-5
284.76100155	3.95964693381853E-5
284.9326019	3.95875593999464E-5
285.109848	3.95775237954446E-5
285.273468	3.95985553335293E-5
285.4313507	3.95461693504583E-5
285.60673525	3.95601567573995E-5
285.78221135	3.95233790866588E-5
285.94386295	3.95321881834965E-5
286.10914615	3.95169269424301E-5
286.28201295	3.95125906120931E-5
286.4434662	3.94877763115748E-5
286.6070557	3.94836337857419E-5
286.77590945	3.94778731519713E-5
286.9417572	3.94590830256157E-5
287.1086731	3.94475564630095E-5
287.27391055	3.94487414042652E-5
287.44511415	3.94034551273247E-5
287.60888675	3.93990167183771E-5
287.7693329	3.93836523760518E-5
287.9336853	3.93814961901948E-5
288.10791015	3.93747707370552E-5
288.2792511	3.93567432048358E-5
288.439209	3.93554143144751E-5
288.60673525	3.93655388289633E-5
288.77157595	3.9373466026901E-5
288.9396515	3.93638604081359E-5
289.10894775	3.93287352988129E-5
289.27052305	3.93338317884236E-5
289.44221495	3.93160901593142E-5
289.61372375	3.93128084902143E-5
289.77816775	3.93226452256892E-5
289.9481354	3.92596035094427E-5
290.11982725	3.92563087253767E-5
290.28341675	3.92826242044738E-5
290.4469452	3.92736800650862E-5
290.6205444	3.92498135620046E-5
290.79045105	3.92267194826031E-5
290.95722965	3.92181257797426E-5
291.12716675	3.92142844841883E-5
291.29008485	3.92162961919748E-5
293.1105347	3.90417001213942E-5
293.17190555	3.90119761906927E-5
293.3011475	3.90191211853169E-5
293.46566775	3.90071698453137E-5
293.62950135	3.90134672727888E-5
293.7979889	3.90186041696774E-5
293.9658203	3.8995184024393E-5
294.13208005	3.89790287128014E-5
294.29762265	3.89655177202428E-5
294.4606018	3.89530545829564E-5
294.6250153	3.89567368609516E-5
294.79545595	3.89384621033181E-5
294.9621124	3.89506326256747E-5
295.12794495	3.89207697443226E-5
295.2948761	3.89004696817274E-5
295.4618225	3.89290043278274E-5
295.6291809	3.88966883211937E-5
295.7910919	3.88845258416802E-5
295.9649811	3.88353454931169E-5
296.13453675	3.88284671954301E-5
296.29393005	3.88434430001313E-5
296.46520995	3.88328809441223E-5
296.63919065	3.87825722600172E-5
296.80708315	3.88088440468354E-5
296.9713898	3.87891847972035E-5
297.145813	3.87951768176234E-5
297.31149295	3.87896037959193E-5
297.47737125	3.87850635457366E-5
297.6485443	3.87261180882328E-5
297.80513	3.87522776208057E-5
297.9701233	3.86960810454697E-5
298.14089965	3.8731092210378E-5
298.30514525	3.86971614763482E-5
298.4684906	3.8685277195745E-5
298.63346865	3.87200033617198E-5
298.80363465	3.86609317717203E-5
298.9736023	3.86787833915532E-5
299.1400299	3.8705175112666E-5
299.3073425	3.8649114891743E-5
299.47702025	3.86604307402934E-5
299.64709475	3.86033641567275E-5
299.81408695	3.86067148699753E-5
299.9711304	3.86023948283815E-5
300.13568115	3.85899564613434E-5
300.31369015	3.85933678210522E-5
300.46905515	3.85346331581511E-5
300.62893675	3.85693036799615E-5
300.8022461	3.85397254526945E-5
300.9694977	3.85495477893854E-5
301.1376648	3.85252904330124E-5
301.29685975	3.8510428728136E-5
301.4671173	3.85173388024261E-5
301.6351776	3.8479155839728E-5
301.79582215	3.84643970582773E-5
301.9670563	3.85020087800366E-5
303.76704405	3.83711855817793E-5
303.83764645	3.83296594786726E-5
303.96578975	3.83260415511036E-5
304.1292419	3.83185266990685E-5
304.29598995	3.83489032137579E-5
304.4532623	3.82762141969989E-5
304.6205597	3.83305237421551E-5
304.79174805	3.8263906153946E-5
304.95687865	3.82878960623804E-5
305.116745	3.82673178932741E-5
305.2781067	3.82442650121723E-5
305.4459534	3.82335457891524E-5
305.6117859	3.82118037192204E-5
305.7778015	3.81974208976694E-5
305.95065305	3.82300071899051E-5
306.12408445	3.81977449660247E-5
306.2952423	3.82404595639079E-5
306.45903015	3.81535080290292E-5
306.62469485	3.81806046407714E-5
306.79167175	3.815261952501E-5
306.95643615	3.81229530455793E-5
307.1230469	3.8127014751937E-5
307.2812195	3.81543418867449E-5
307.44873045	3.81330475598121E-5
307.6200714	3.81509625757568E-5
307.7821045	3.80976051299858E-5
307.95291135	3.80730349153025E-5
308.12475585	3.80948669447069E-5
308.2914429	3.80575392414351E-5
308.44290165	3.80607993375447E-5
308.59751895	3.80339303642622E-5
308.77442935	3.80548573913357E-5
308.9505005	3.80348166867921E-5
309.1103058	3.80323547265204E-5
309.26298525	3.80121977751791E-5
309.43688965	3.79849447764622E-5
309.6066284	3.80064613348767E-5
309.76371765	3.79499956373157E-5
309.9202576	3.79626670013011E-5
310.09410095	3.79402579663447E-5
310.26322935	3.79750959832671E-5
310.4260864	3.79310589424282E-5
310.59695435	3.79224009102197E-5
310.7580414	3.79206665162836E-5
310.92504885	3.7896805326608E-5
311.09870915	3.78731690760971E-5
311.25706485	3.78862083330874E-5
311.415802	3.78523641483576E-5
311.58868405	3.78687353809928E-5
311.75559995	3.78511766637711E-5
311.92739865	3.78148480124805E-5
312.0861969	3.78482930110619E-5
312.2446442	3.7856907940558E-5
312.4187622	3.78061684217518E-5
312.5915527	3.78077379300796E-5
314.3778076	3.76522440977754E-5
314.43347165	3.76770871556947E-5
314.56880185	3.7669514158685E-5
314.73635865	3.76489465741191E-5
314.9123688	3.76548339646557E-5
315.07144165	3.76623252079466E-5
315.2280426	3.76504430284135E-5
315.3959198	3.76627126032197E-5
315.57333375	3.76217308521732E-5
315.744339	3.76124697058234E-5
315.90592955	3.7591049531523E-5
316.0617218	3.75730779515861E-5
316.22602845	3.75765366726315E-5
316.40029905	3.75891825388818E-5
316.5552673	3.75756961288016E-5
316.71931455	3.75405733155013E-5
316.88923645	3.75394694723834E-5
317.05000305	3.75260509958709E-5
317.22697445	3.75354506511471E-5
317.3950195	3.74776267000639E-5
317.5475769	3.74787886358862E-5
317.72395325	3.74603414590247E-5
317.8998718	3.74697793466658E-5
318.0565643	3.74744348634461E-5
318.2159424	3.74550983542734E-5
318.38813785	3.74159032411129E-5
318.55033875	3.73866037175313E-5
318.70710755	3.74278459028921E-5
318.8768921	3.74099369422363E-5
319.0461426	3.73764781245861E-5
319.22140505	3.73805746993722E-5
319.39364625	3.73917290377026E-5
319.5491028	3.73343417168336E-5
319.71429445	3.73573300760458E-5
319.8889313	3.73567811248207E-5
320.05897525	3.7356615553294E-5
320.22563175	3.73157316896518E-5
320.3788147	3.7309329932284E-5
320.5351257	3.7293010216896E-5
320.7000427	3.73002139916209E-5
320.86398315	3.72518487483875E-5
321.03182985	3.72836781402395E-5
321.2002106	3.72794932854332E-5
321.37490845	3.72364575236149E-5
321.549469	3.7215320299761E-5
321.7050171	3.72331423247503E-5
321.8668823	3.72459968888347E-5
322.04096985	3.72270995967779E-5
322.21125795	3.72214068745204E-5
322.36862185	3.71946374295967E-5
322.5244446	3.71562932931909E-5
322.6999359	3.72004396256271E-5
322.8709259	3.71823823828282E-5
323.0263214	3.71532959210436E-5
323.183197	3.71404790044562E-5
324.9671936	3.70492195862477E-5
325.03733825	3.69945699876829E-5
325.1909027	3.69937253012543E-5
325.3552551	3.6990185594916E-5
325.5166473	3.70163270578872E-5
325.69192505	3.69813810459519E-5
325.8681641	3.69974689429437E-5
326.0235596	3.69700079068932E-5
326.1826172	3.69576497471023E-5
326.3492737	3.691922657752E-5
326.5145111	3.69508171029059E-5
326.68977355	3.69478693999177E-5
326.85455325	3.69307337119749E-5
327.01332095	3.6926768347849E-5
327.18045045	3.68891070332515E-5
327.3477173	3.68910882980761E-5
327.5139008	3.68541493603563E-5
327.6768036	3.68856804433242E-5
327.8530426	3.68395067147186E-5
328.02235415	3.68326133488984E-5
328.1871338	3.68101841961771E-5
328.3526764	3.68351429838121E-5
328.5178223	3.68238694546574E-5
328.68067935	3.68103380701115E-5
328.84451295	3.67754647979475E-5
329.012619	3.67443798923492E-5
329.1785736	3.67562092561519E-5
329.3490448	3.67324446512872E-5
329.5156555	3.67523726603787E-5
329.6806946	3.67315023390702E-5
329.84318545	3.6711901497742E-5
330.0081024	3.66706982293083E-5
330.1743164	3.66730577015982E-5
330.3500519	3.66675166794933E-5
330.5167084	3.66338223849106E-5
330.67663575	3.66721256783209E-5
330.84609985	3.66384641616589E-5
331.0117493	3.66795946603209E-5
331.17341615	3.66378441208347E-5
331.33564755	3.66178043253146E-5
331.50305175	3.66194255125329E-5
331.6699524	3.65900427494962E-5
331.8400116	3.65690339368266E-5
332.00820925	3.65839839924231E-5
332.17642215	3.65563396844635E-5
332.34269715	3.65530052939328E-5
332.5054016	3.65112306140193E-5
332.6703186	3.65516666941398E-5
332.83898925	3.65121248837577E-5
333.01016235	3.65257014115629E-5
333.17204285	3.6514256516233E-5
333.33695985	3.6488992369938E-5
333.5129547	3.64803505292186E-5
333.6819763	3.64696603977802E-5
333.84213255	3.64551789126366E-5
335.6310425	3.63462466461242E-5
335.6956482	3.63681316291842E-5
335.84005735	3.62997054770539E-5
336.00375365	3.62872927898843E-5
336.168808	3.62786529078429E-5
336.3313446	3.62498077490512E-5
336.50448605	3.62783425977516E-5
336.67295835	3.62378201889422E-5
336.83343505	3.62658788188283E-5
336.9971466	3.62638996095939E-5
337.1678772	3.62672423497749E-5
337.33665465	3.62088082370715E-5
337.50015255	3.61852713832887E-5
337.66673275	3.62000461641816E-5
337.83305355	3.61954860409116E-5
337.997879	3.61562631523723E-5
338.16514585	3.61911978386885E-5
338.33398435	3.6167036707573E-5
338.4954071	3.61480417825545E-5
338.66482545	3.61513420862351E-5
338.8409424	3.61567281440149E-5
339.00590515	3.60891174881232E-5
339.17144775	3.61296098723325E-5
339.33522035	3.61000721309521E-5
339.4988861	3.60848451740117E-5
339.6635742	3.60718777687412E-5
339.82928465	3.61052492591271E-5
340.0010986	3.60937290315774E-5
340.1657867	3.60813497826469E-5
340.329483	3.60230571736739E-5
340.4977417	3.60192897079657E-5
340.66801455	3.6014279900897E-5
340.8397522	3.59826553443816E-5
341.00502015	3.59990566088009E-5
341.1686554	3.60018637508455E-5
341.3386688	3.59846559407202E-5
341.4970398	3.5987945273123E-5
341.65431215	3.5944992005959E-5
341.82600405	3.59470274034877E-5
341.99531555	3.59610783242836E-5
342.1612854	3.59126964148115E-5
342.33177185	3.59244208799452E-5
342.4986877	3.5899583319629E-5
342.6655426	3.58568839747497E-5
342.8292389	3.58962414921696E-5
342.99319455	3.58780493641382E-5
343.161087	3.58555754019126E-5
343.3216095	3.59080067726592E-5
343.4902344	3.58614973480611E-5
343.6578522	3.58051961290742E-5
343.8221741	3.58147791156591E-5
343.99061585	3.58185607559059E-5
344.1594696	3.58038360127519E-5
344.32691955	3.58052292451256E-5
344.4906616	3.57919325929597E-5
346.3200378	3.57098529794424E-5
346.3688507	3.56930315623592E-5
346.4962616	3.56565931270202E-5
346.66204835	3.56510850227068E-5
346.83056645	3.56320247513294E-5
346.9944458	3.56042897631951E-5
347.1630859	3.55941791120928E-5
347.3272247	3.55707633713371E-5
347.48439025	3.55641783712852E-5
347.65202335	3.55895155632933E-5
347.8244019	3.55492003354105E-5
347.99243165	3.55851031205037E-5
348.160141	3.55461527107672E-5
348.3188477	3.55407574155909E-5
348.48448185	3.5516229446928E-5
348.6609497	3.5513849400327E-5
348.82594295	3.55300513099123E-5
348.9902496	3.55026985404232E-5
349.16099545	3.54784406831458E-5
349.33081055	3.54661567913259E-5
349.4827118	3.5492244243513E-5
349.6399841	3.54801589470302E-5
349.8117523	3.54561020659767E-5
349.98313905	3.54738453412973E-5
350.1562195	3.54597268541923E-5
350.32377625	3.5429859362962E-5
350.49031065	3.54505615149412E-5
350.6599731	3.54376321801507E-5
350.82443235	3.54045255590345E-5
350.98088075	3.54138145124389E-5
351.15142825	3.54044616643197E-5
351.3152008	3.53854635891899E-5
351.47515865	3.53774404147281E-5
351.6519775	3.53668715588785E-5
351.8225708	3.53809572904487E-5
351.9713135	3.5361138701051E-5
352.1366577	3.53273983665385E-5
352.3230896	3.52895091120646E-5
352.47370915	3.53137978640816E-5
352.6311951	3.53096767211795E-5
352.80781555	3.52963288574444E-5
352.97105405	3.52813221593109E-5
353.1427612	3.52732341971331E-5
353.31495665	3.52582904787256E-5
353.47898865	3.52356196335223E-5
353.6433563	3.52345785567125E-5
353.81221005	3.51977259598986E-5
353.96846005	3.52212079900662E-5
354.132019	3.51972470242664E-5
354.3108673	3.52247065945892E-5
354.4640961	3.51724059421185E-5
354.6281128	3.51551476344095E-5
354.81262205	3.51572958453741E-5
354.985672	3.51589906762846E-5
355.14720155	3.51367609049E-5
356.9294434	3.50655006229193E-5
357.0020447	3.50322497388669E-5
357.1528778	3.50637648591672E-5
357.3171997	3.50396805428563E-5
357.48628235	3.50091413676891E-5
357.6540222	3.49833185517212E-5
357.8182983	3.50061309893764E-5
357.9709625	3.49755595930998E-5
358.14242555	3.50006040153159E-5
358.3106079	3.49579739541231E-5
358.4608154	3.49650686139648E-5
358.62452695	3.49391677783452E-5
358.80200195	3.49064348112168E-5
358.98043825	3.49275126371475E-5
359.13597105	3.48870559633171E-5
359.30102535	3.48929088416516E-5
359.46684265	3.49023627141853E-5
359.6332245	3.490981238693E-5
359.81100465	3.48751157215358E-5
359.9705353	3.48680593225055E-5
360.12145995	3.4831520537246E-5
360.28904725	3.48346626922093E-5
360.46803285	3.48319217719318E-5
360.62297055	3.47922232788721E-5
360.7785034	3.48100335913097E-5
360.9567261	3.48006003087633E-5
361.13183595	3.47561323070242E-5
361.29811095	3.47688495851965E-5
361.4619446	3.47865420203136E-5
361.62069705	3.47553834031709E-5
361.7764435	3.47402921246893E-5
361.94584655	3.47259513131632E-5
362.1187286	3.47133650288417E-5
362.27836605	3.47355824613246E-5
362.4511566	3.46930348615286E-5
362.618042	3.46923422650804E-5
362.77990725	3.46582805375783E-5
362.96354675	3.46629509924631E-5
363.1256561	3.46632821504407E-5
363.28897095	3.46580398937728E-5
363.4566498	3.46112639738948E-5
363.6143494	3.46440168877238E-5
363.78427125	3.46193721955179E-5
363.95646665	3.46160975515697E-5
364.12472535	3.46395552391203E-5
364.28645325	3.46177957279618E-5
364.45179745	3.45915796847522E-5
364.61611935	3.45905477374809E-5
364.78866575	3.45598338385044E-5
364.96469115	3.45541012112892E-5
365.1325226	3.45607156411937E-5
365.28543095	3.45251889392925E-5
365.44104005	3.45032804621631E-5
365.62145995	3.45420523246095E-5
365.79867555	3.45092070122731E-5
367.5921021	3.43914575030305E-5
367.6452332	3.43767386544746E-5
367.77935795	3.44008072099255E-5
367.9531403	3.43424335938997E-5
368.1261902	3.43458504089539E-5
368.2832031	3.43065037703561E-5
368.44161985	3.42908504627898E-5
368.60417175	3.4334481189666E-5
368.7719269	3.4297677226425E-5
368.9425507	3.4275822610359E-5
369.11392215	3.4258709969907E-5
369.28450015	3.42234505667833E-5
369.44874575	3.42479464961473E-5
369.6048126	3.42454583207309E-5
369.77655025	3.42143194254859E-5
369.9433441	3.42149751197716E-5
370.10621645	3.42144527840717E-5
370.27583315	3.41978078409149E-5
370.445755	3.42251277700383E-5
370.61354065	3.41912886082759E-5
370.7691803	3.419637799243E-5
370.9333801	3.41804897245195E-5
371.10467525	3.41752501302065E-5
371.28289795	3.41357893469425E-5
371.4553986	3.41194359929077E-5
371.6200104	3.41274890173662E-5
371.77816775	3.41065715449932E-5
371.93608095	3.41223989624766E-5
372.10339355	3.40928520614265E-5
372.273407	3.40338092622948E-5
372.4426575	3.40612728736816E-5
372.60676575	3.40959908896322E-5
372.77290345	3.40647561325123E-5
372.942215	3.40147717879576E-5
373.1089478	3.40217875004307E-5
373.2845154	3.39623298633204E-5
373.44755555	3.40033925760035E-5
373.60699465	3.3998965303355E-5
373.78237915	3.39786187246851E-5
373.94847105	3.39693952411006E-5
374.10736085	3.39712487493515E-5
374.2722321	3.39894815918834E-5
374.4426575	3.39232960804944E-5
374.6079712	3.39298423165028E-5
374.7697296	3.39211496325574E-5
374.93754575	3.38981176753268E-5
375.1075897	3.38581317881327E-5
375.2753296	3.38889027357265E-5
375.4382935	3.39234573648361E-5
375.60276795	3.38999490675368E-5
375.77485655	3.39156751446858E-5
375.938385	3.38339534041794E-5
376.09950255	3.38341318895939E-5
376.26934815	3.38387131114505E-5
376.43670655	3.38430020927515E-5
378.24571225	3.36977627805532E-5
378.31295775	3.3686341209011E-5
378.4486389	3.37386270542543E-5
378.61238095	3.36455019983776E-5
378.7753143	3.36529579254187E-5
378.9464874	3.3667073941828E-5
379.11550905	3.36674515827044E-5
379.27746585	3.36725197991932E-5
379.44493105	3.36386562881723E-5
379.6103058	3.36390366906868E-5
379.7809906	3.36321011535984E-5
379.9438019	3.35809465374878E-5
380.1023102	3.35642143868579E-5
380.27401735	3.36091976179865E-5
380.44618225	3.35344973297304E-5
380.605545	3.35639616971131E-5
380.76889035	3.35603693545208E-5
380.9387512	3.35819683614726E-5
381.10438535	3.3549677788216E-5
381.2698059	3.35042648303318E-5
381.4355469	3.34814205839973E-5
381.6069031	3.35025792384022E-5
381.7669983	3.3492861561209E-5
381.92700195	3.34764651530765E-5
382.09202575	3.34260220897187E-5
382.26586915	3.34910583916464E-5
382.4337616	3.34461281269376E-5
382.59194945	3.34384591998163E-5
382.76437375	3.33816138136239E-5
382.93006895	3.34107871464129E-5
383.09703065	3.34145265726906E-5
383.2707367	3.33769068080533E-5
383.4356537	3.34121986204174E-5
383.60206605	3.33829196330322E-5
383.7728882	3.33378306808572E-5
383.93342595	3.33690468052432E-5
384.09313965	3.33344451771783E-5
384.258255	3.33196075324989E-5
384.4251709	3.33281134131655E-5
384.59898375	3.33089364836093E-5
384.77049255	3.3348842468564E-5
384.93632505	3.32396922319675E-5
385.0984802	3.32638383213148E-5
385.2641754	3.32511183268173E-5
385.4313202	3.32504373125341E-5
385.59609985	3.32521020279817E-5
385.761322	3.32473475037847E-5
385.9282837	3.32507588635422E-5
386.0974579	3.32019875398408E-5
386.26428225	3.32023706970625E-5
386.43179325	3.32039542487011E-5
386.5944672	3.31513938096732E-5
386.75738525	3.3187341903929E-5
386.9350891	3.31934542138634E-5
387.1018677	3.31356482393868E-5
388.8656921	3.30513876657542E-5
388.94195555	3.30491683831191E-5
389.09887695	3.3003697728582E-5
389.26574705	3.29930378925568E-5
389.44198605	3.29936056626187E-5
389.61505125	3.2991274785979E-5
389.77311705	3.29601074202522E-5
389.93261715	3.2919139148287E-5
390.10215755	3.28994943503622E-5
390.2706146	3.29657819996634E-5
390.44099425	3.29358098394509E-5
390.6051788	3.28842232293305E-5
390.76473995	3.28945389242671E-5
390.9351654	3.29161884507606E-5
391.1036682	3.28858658048353E-5
391.26829525	3.28814076730114E-5
391.43533325	3.28161976150932E-5
391.60110475	3.28507940865207E-5
391.77111815	3.28460202438556E-5
391.93284605	3.28294554724843E-5
392.09257505	3.28057344907644E-5
392.2619171	3.27997517102038E-5
392.4245758	3.2822091359842E-5
392.58636475	3.28232085394118E-5
392.7570038	3.27973673945332E-5
392.9313507	3.27113882551292E-5
393.099823	3.27671173255972E-5
393.2666626	3.27355406980472E-5
393.4329071	3.27263941805531E-5
393.6013794	3.27361035615854E-5
393.757782	3.27334307736805E-5
393.91061405	3.26959362532256E-5
394.09432985	3.27102020266545E-5
394.27427675	3.26797422358261E-5
394.44392395	3.26602591518582E-5
394.60928345	3.26508444166806E-5
394.77409365	3.26581660095974E-5
394.95951845	3.26313371425642E-5
395.1414795	3.26237340741033E-5
395.3158569	3.25986112520644E-5
395.49760435	3.26268633019679E-5
395.6786804	3.26160540920512E-5
395.83969115	3.2611268533526E-5
396.00135805	3.26022119675778E-5
396.1709137	3.25441195941558E-5
396.33203125	3.258630595609E-5
396.48339845	3.25615548752708E-5
396.6188965	3.25484520897457E-5
396.7499695	3.25258264767521E-5
396.86743165	3.2471776162751E-5
396.97369385	3.24626898716987E-5
397.0770111	3.24728730903707E-5
397.1781616	3.25137511507408E-5
397.2830963	3.25135159646789E-5
397.37963865	3.24975558325495E-5
397.46946715	3.24911999197729E-5
397.56341555	3.24660985073757E-5
397.6569519	3.2422978081189E-5
397.7448883	3.25096455551522E-5
398.5155029	3.23269437643533E-5
398.55000305	3.23875667197874E-5
398.6131287	3.2396761581207E-5
398.6706696	3.24083149521819E-5
398.72351075	3.23732087381229E-5
398.7740631	3.23657833562909E-5
398.82492065	3.23720656485685E-5
398.8710327	3.23355928074611E-5
398.90882875	3.22912992768269E-5
398.94155885	3.2323831846607E-5
398.9716339	3.23461219082651E-5
398.99505615	3.23768331419261E-5
399.0123749	3.2343870100157E-5
399.02661135	3.2321329170022E-5
399.03814695	3.233983716016E-5
399.0506134	3.23261922810175E-5
399.06455995	3.23268749241286E-5
399.07870485	3.22641886907148E-5
399.09230045	3.23163497237627E-5
399.1051941	3.22723743353729E-5
399.1217804	3.22831663999713E-5
399.1407318	3.22919132813211E-5
399.15608215	3.22793881123828E-5
399.17024235	3.22406277526872E-5
399.18708805	3.23058493085879E-5
399.203064	3.22733059965093E-5
399.2181549	3.22849742417826E-5
399.23168945	3.22599893580708E-5
399.24517825	3.22608427560261E-5
399.2598877	3.23009811976479E-5
399.2741699	3.22992961840714E-5
399.2868347	3.2262180684828E-5
399.30078125	3.22470362819981E-5
399.3177643	3.22508939394542E-5
399.3336792	3.22850245203998E-5
399.35253905	3.22763027383165E-5
399.3746033	3.223699527869E-5
399.3965607	3.22428299568158E-5
399.4189606	3.22819145792058E-5
399.4410248	3.22193753881106E-5
399.46383665	3.22576880880782E-5
399.4878387	3.22489576578206E-5
399.51307675	3.22806033259705E-5
399.53775025	3.22433455639408E-5
399.5597229	3.2280371304662E-5
399.58078	3.22480113011798E-5
399.6014099	3.22929769440006E-5
399.6187439	3.22767993195459E-5
399.63601685	3.22346876563963E-5
399.6529541	3.22251481582275E-5
399.6696472	3.22580206744532E-5
399.68621825	3.22385657936145E-5
399.70069885	3.22250205309966E-5
399.71513365	3.22151315069209E-5
399.72886655	3.22555503508999E-5
399.7434082	3.22174192146783E-5
399.75979615	3.22188566966224E-5
399.77479555	3.22294458889369E-5
399.78816225	3.22080655332072E-5
399.79978945	3.22022843211326E-5
399.813797	3.22129794840828E-5
399.8282623	3.22276624516195E-5
399.8399353	3.22129306457805E-5
399.8513794	3.22113469258907E-5
399.8614044	3.22271300756027E-5
399.87268065	3.2217580152277E-5
399.8836975	3.22103746334888E-5
399.8923187	3.21829181064582E-5
399.9019165	3.21820468367496E-5
