26.02937605	1.00569167384334E-4
26.19380955	1.00307410123054E-4
26.35802555	1.0004740359009E-4
26.51042555	9.97965955792668E-5
28.3093567	9.71779679653625E-5
28.35972025	9.69231330490622E-5
28.48781685	9.67000085160232E-5
28.65233615	9.64509815963778E-5
28.81495665	9.62113760100057E-5
28.98754405	9.59797199528576E-5
29.16390515	9.57416422669622E-5
29.31540585	9.55257944221298E-5
29.47111035	9.52886964073866E-5
29.64553165	9.50746317856745E-5
29.8162718	9.48641754146296E-5
29.9714594	9.46299739885353E-5
30.1340313	9.44378022687514E-5
30.31051925	9.42027597489673E-5
30.4710274	9.39838960022722E-5
30.62055495	9.37828073136973E-5
30.79243755	9.35744459316569E-5
30.96890925	9.3355913705881E-5
31.1284342	9.3098804636383E-5
31.29176425	9.29089923364961E-5
31.45729255	9.27288744734709E-5
31.61565495	9.25157213332382E-5
31.7738533	9.23131133014933E-5
31.94432355	9.20971724869437E-5
32.11171915	9.19307741161257E-5
32.2672062	9.17719290258521E-5
32.42827985	9.15897455300004E-5
32.59482	9.13607594524475E-5
32.77051545	9.11273966681934E-5
32.9363499	9.09284614326637E-5
33.0994606	9.07467339999929E-5
33.2726097	9.05920363343779E-5
33.42948725	9.0400209101456E-5
33.58596995	9.02580481225012E-5
33.7563248	9.00599837001352E-5
33.92310715	8.98423452816258E-5
34.07677075	8.96448155206495E-5
34.2315445	8.94596938796225E-5
34.40669445	8.92740842750447E-5
34.5811882	8.91045862629133E-5
34.73407935	8.8928213019717E-5
34.89404295	8.87796331948991E-5
35.0583076	8.85975400145051E-5
35.2189636	8.84315617739576E-5
35.3788109	8.82905446239118E-5
35.54605865	8.81291008248409E-5
35.71075435	8.79408695167363E-5
35.86598585	8.77433571654176E-5
36.0331497	8.75659394596509E-5
36.204771	8.74229887057797E-5
36.3751335	8.72490262572175E-5
36.53852655	8.71063294840573E-5
36.69734575	8.69412820706841E-5
36.86032485	8.68191398151053E-5
37.0254345	8.66296464958893E-5
37.17770195	8.64605055024014E-5
38.9584465	8.49392051164277E-5
39.01463315	8.48090074670077E-5
39.13858605	8.46261444351151E-5
39.3036652	8.44943366079036E-5
39.4598427	8.4356443619558E-5
39.61574365	8.41588275904337E-5
39.77819065	8.40634543288474E-5
39.9384289	8.39074647810668E-5
40.10082435	8.37538361453931E-5
40.27394485	8.36245450671716E-5
40.43569945	8.34810493822566E-5
40.58852765	8.33473377109275E-5
40.7525749	8.3196640254598E-5
40.9162388	8.31044156483511E-5
41.0818539	8.29696390287095E-5
41.2416363	8.28185565072982E-5
41.397522	8.27033786562379E-5
41.5618687	8.25684758009949E-5
41.7288456	8.24101536425813E-5
41.89160535	8.2300682614722E-5
42.05359265	8.21590521351935E-5
42.2221241	8.20676570818878E-5
42.3823624	8.19077847283454E-5
42.53850175	8.17829685981691E-5
42.70103645	8.16639849269922E-5
42.86133005	8.14933986894839E-5
43.02290345	8.13552004323591E-5
43.1940689	8.12552394874852E-5
43.3550606	8.11017632454506E-5
43.51215935	8.09777554601083E-5
43.67346	8.08452631856132E-5
43.8311577	8.07454822116358E-5
43.9914837	8.06414075782086E-5
44.15296555	8.04968749765779E-5
44.31957625	8.04029233273497E-5
44.4878044	8.02886775174467E-5
44.6546211	8.01457551150292E-5
44.81215285	8.00140899014973E-5
44.9657898	7.99136500858222E-5
45.13422205	7.97864162648401E-5
45.2981091	7.96545738173141E-5
45.45359615	7.95502206458099E-5
45.61908915	7.94227142390004E-5
45.78231815	7.93238088399112E-5
45.94423295	7.91746032330083E-5
46.1068897	7.90681130867691E-5
46.26595495	7.89687323476162E-5
46.42453955	7.88523345882137E-5
46.58584405	7.87818573383376E-5
46.74705505	7.86514137156973E-5
46.91070935	7.85227449542349E-5
47.0761509	7.83988936859837E-5
47.24058725	7.82785928944501E-5
47.40296175	7.81513511516936E-5
47.56277275	7.80238065306267E-5
47.72544475	7.79178277336343E-5
49.4579849	7.68098426676935E-5
49.51965905	7.67337179960298E-5
49.66866305	7.66296109306783E-5
49.83018685	7.65175383597495E-5
49.98919485	7.64450373229992E-5
50.14307975	7.63120048709008E-5
50.30026435	7.62277529947756E-5
50.46941185	7.61128659494992E-5
50.6311932	7.60503786175887E-5
50.7978611	7.59245075274123E-5
50.9565792	7.58157995502803E-5
51.1102524	7.57095159383152E-5
51.2753029	7.55979724764508E-5
51.4340191	7.55246024589096E-5
51.58483125	7.54191959761855E-5
51.75179865	7.53297769485499E-5
51.91814045	7.52556776285011E-5
52.07491875	7.51340704700644E-5
52.23431395	7.50484558295713E-5
52.40125085	7.49404359284131E-5
52.567276	7.48445073057332E-5
52.71570395	7.474079322549E-5
52.8695812	7.46693865469202E-5
53.0320053	7.45767392824612E-5
53.1962395	7.4502547444787E-5
53.3623524	7.44060903989307E-5
53.52173615	7.4307168675289E-5
53.6792202	7.41891367670942E-5
53.8428631	7.41262774268179E-5
54.0090523	7.40094882998261E-5
54.1706219	7.39340147004339E-5
54.3317528	7.38595423395541E-5
54.4930973	7.37610634571037E-5
54.65266225	7.36546975507538E-5
54.8146801	7.35996153184716E-5
54.97743035	7.35010376496753E-5
55.1322384	7.34249196362796E-5
55.2932835	7.33333694513883E-5
55.458189	7.32450020594422E-5
55.61938665	7.31463264756966E-5
55.7819729	7.30468617277804E-5
55.942976	7.30119020017646E-5
56.1046276	7.29022665723974E-5
56.26444815	7.28056735399393E-5
56.42423055	7.27199813735228E-5
56.58382035	7.26166828851641E-5
56.7529011	7.25493267747348E-5
56.91301535	7.24701713851929E-5
57.0661964	7.23885991399037E-5
57.2352104	7.22949023164355E-5
57.39507865	7.22353797905375E-5
57.5524807	7.21472631625386E-5
57.71609115	7.20842035214673E-5
57.88438795	7.19662768367826E-5
58.05332375	7.19015663523671E-5
58.20921135	7.18261185950085E-5
58.367033	7.17524599063062E-5
60.090538	7.09561017024765E-5
60.1626167	7.09090319877208E-5
60.312664	7.07970835715585E-5
60.4723091	7.07442808743562E-5
60.6364479	7.06769392774275E-5
60.79709625	7.06074966127518E-5
60.95648765	7.05286010257421E-5
61.1173782	7.04291168920454E-5
61.27565765	7.03868853518874E-5
61.43545535	7.02989946810854E-5
61.60188865	7.02298615584753E-5
61.76863095	7.01707051267598E-5
61.9319553	7.00750192915113E-5
62.0866165	6.99977849378764E-5
62.25089455	6.99320227111943E-5
62.41560555	6.98445380390283E-5
62.5708866	6.97779578837019E-5
62.7309837	6.97425534855712E-5
62.88954545	6.96429338665407E-5
63.04963685	6.95714944317405E-5
63.21651075	6.95000643070747E-5
63.3855114	6.94338293138723E-5
63.5490246	6.93980608067016E-5
63.70529365	6.92847819726911E-5
63.85982705	6.92393257854931E-5
64.02643205	6.91341931946242E-5
64.1945152	6.90846232350463E-5
64.3489914	6.90391263783506E-5
64.510788	6.89948741866293E-5
64.67084885	6.88887117000433E-5
64.8304901	6.88256010355066E-5
65.0017662	6.87476688521013E-5
65.16527555	6.86753221229247E-5
65.3211517	6.86172166946687E-5
65.48047255	6.85395732400762E-5
65.6430359	6.84719801960211E-5
65.80604555	6.84101530376578E-5
65.9738045	6.83560069633091E-5
66.13401035	6.82750544599193E-5
66.2892723	6.82218943346384E-5
66.4493141	6.81631727177342E-5
66.61649705	6.80851524386231E-5
66.7839699	6.80365846406806E-5
66.9479561	6.79442138200258E-5
67.1060982	6.79019902964599E-5
67.2642899	6.78490070102126E-5
67.4314003	6.77826580665506E-5
67.59400175	6.769239826639E-5
67.75133135	6.76358577981375E-5
67.913662	6.76145692003273E-5
68.076252	6.75362441384694E-5
68.23706815	6.74254392287513E-5
68.40219495	6.74225094243582E-5
68.56651685	6.73459846508601E-5
68.7290306	6.7302665274977E-5
68.8900299	6.72004414617803E-5
69.0519447	6.71780419321905E-5
70.7620468	6.65531635648379E-5
70.8332939	6.64786993933664E-5
70.9938469	6.64318291582238E-5
71.1657944	6.63965053910814E-5
71.3306923	6.63446849946336E-5
71.4866638	6.62720152994614E-5
71.63171765	6.62091389958981E-5
71.78498455	6.6160271296837E-5
71.96287155	6.60922141218308E-5
72.1258049	6.60291042141053E-5
72.2781448	6.59775857999962E-5
72.4402809	6.59142901842969E-5
72.6085701	6.58672058649817E-5
72.78608705	6.58262313324711E-5
72.9536972	6.57734714145342E-5
73.10409925	6.57094076857038E-5
73.26356505	6.56366179188075E-5
73.42573545	6.56047044384391E-5
73.58252715	6.55368243358803E-5
73.7510414	6.5500872116377E-5
73.9085693	6.54486495751411E-5
74.06428905	6.53847605885626E-5
74.23740765	6.53426532649652E-5
74.39738465	6.52779886663565E-5
74.5478249	6.52107597318382E-5
74.7233162	6.51641742183506E-5
74.88555525	6.50792506983309E-5
75.0414734	6.50459537702707E-5
75.2098389	6.5001961612125E-5
75.37277605	6.49599757572874E-5
75.54096985	6.48693082985989E-5
75.6946144	6.4854261327242E-5
75.85375975	6.47723361897455E-5
76.0165024	6.47513146388145E-5
76.17196655	6.46863384791213E-5
76.3354301	6.46348451584973E-5
76.49731825	6.45677776555687E-5
76.65939715	6.45275868998521E-5
76.8269272	6.44931106573029E-5
77.00094985	6.4405758619554E-5
77.1603775	6.4350544110647E-5
77.3141403	6.43378089941621E-5
77.4809341	6.42828713101078E-5
77.65217205	6.42195126814503E-5
77.80585095	6.42000457617961E-5
77.95928955	6.4105420698739E-5
78.121933	6.40707148447908E-5
78.2862358	6.40216223116353E-5
78.45772935	6.39644164475498E-5
78.6248856	6.39009138642213E-5
78.7793961	6.38537816629397E-5
78.9326439	6.38135506919283E-5
79.10687635	6.37855471636431E-5
79.27220915	6.37199491614193E-5
79.42853165	6.36726693778754E-5
79.5988617	6.36336437234268E-5
81.3325729	6.31286924895685E-5
81.3969116	6.30833057983883E-5
81.5509224	6.30446532537572E-5
81.7182236	6.29769164211676E-5
81.869545	6.29340469012595E-5
82.02620315	6.28760426604731E-5
82.18966675	6.28431823827608E-5
82.3615036	6.27889206643412E-5
82.52596665	6.27374529949166E-5
82.6799431	6.2719226092611E-5
82.8462677	6.26360783444129E-5
83.0118065	6.26476228138092E-5
83.1701813	6.25764495007288E-5
83.33213425	6.25543627314009E-5
83.4922905	6.25162346230776E-5
83.65010455	6.24440398369222E-5
83.817318	6.2427736249001E-5
83.9849472	6.23670045000066E-5
84.1556816	6.23266196650419E-5
84.31694795	6.22727294681033E-5
84.47834395	6.21985481279053E-5
84.6511383	6.21878029418194E-5
84.8035202	6.21233442209085E-5
84.95819855	6.20400304822281E-5
85.1331482	6.20181817108622E-5
85.29457855	6.19803526570827E-5
85.45560835	6.19245977060405E-5
85.62883375	6.18968872302475E-5
85.78512575	6.18453002815755E-5
85.9405518	6.18169044408433E-5
86.1114159	6.17914125880769E-5
86.2806244	6.17285018925966E-5
86.43535995	6.1679050689621E-5
86.5900421	6.16674537575158E-5
86.7525787	6.15913562132508E-5
86.9187164	6.15733209571073E-5
87.07969285	6.15307884215882E-5
87.23962405	6.148566058966E-5
87.4074402	6.14421518908478E-5
87.57785035	6.1413290198081E-5
87.7429695	6.1367232195419E-5
87.90157315	6.13328607961022E-5
88.06552125	6.12551087353978E-5
88.22243885	6.12310699208908E-5
88.38040165	6.11680869653433E-5
88.54563145	6.11483014149686E-5
88.70956425	6.10901452821533E-5
88.87347415	6.10776184795413E-5
89.0350113	6.10381672686473E-5
89.2067108	6.09692043024684E-5
89.37872695	6.09131242190284E-5
89.5335846	6.08632299461316E-5
89.6890869	6.08450739140492E-5
89.85313415	6.08027530049761E-5
90.01999285	6.07513575462737E-5
90.18864445	6.07106060583616E-5
91.897583	6.03296648766402E-5
91.9865799	6.02635572388216E-5
92.1492462	6.02692022547076E-5
92.31010815	6.02136331728073E-5
92.4802284	6.01512503522475E-5
92.6414642	6.01003225334429E-5
92.7981224	6.0071764330364E-5
92.95736315	6.00524177711346E-5
93.12184905	6.00176927891304E-5
93.2859993	5.99670428628158E-5
93.4461899	5.99251722820944E-5
93.61016085	5.9869763085574E-5
93.777401	5.98422682713618E-5
93.9357834	5.9812030350181E-5
94.10232545	5.97687017330517E-5
94.2701111	5.97113064534697E-5
94.42777635	5.97102883304879E-5
94.5920906	5.96758150789686E-5
94.7594986	5.9645522652523E-5
94.92323685	5.95986933798101E-5
95.08636855	5.96044691228128E-5
95.2502403	5.95379850821741E-5
95.41379545	5.94787642558533E-5
95.5729065	5.94511039495096E-5
95.7345505	5.941544055977E-5
95.8974495	5.93723351639462E-5
96.06620025	5.93589305410777E-5
96.2334442	5.92910694045348E-5
96.3927269	5.92445968711984E-5
96.55604935	5.9255798623278E-5
96.7202606	5.92154344395576E-5
96.88737105	5.91649429953589E-5
97.0456314	5.9116818988681E-5
97.2078743	5.90701750741371E-5
97.3760605	5.90346020406624E-5
97.5412674	5.9016158464534E-5
97.7043991	5.89756421012264E-5
97.87029265	5.89138936363473E-5
98.0402298	5.89170628774586E-5
98.1963425	5.88977406102707E-5
98.3528023	5.88424817361351E-5
98.5196152	5.87964729525234E-5
98.68507385	5.87550341930118E-5
98.84690855	5.87148135650235E-5
99.0101013	5.87021136718258E-5
99.1807098	5.86481089576481E-5
99.347496	5.86291935883378E-5
99.5100441	5.85596543008164E-5
99.66827775	5.85522833710904E-5
99.83081435	5.85141476501365E-5
100.00006485	5.84895927541288E-5
100.1641426	5.84537520475852E-5
100.32741165	5.84274383655674E-5
100.49486545	5.83954681415944E-5
100.6639595	5.83467575928355E-5
100.8338394	5.83207393317405E-5
102.6006241	5.79607502011786E-5
102.6636963	5.79583798966662E-5
102.8066559	5.78994820536534E-5
102.97535325	5.78772162169168E-5
103.14728925	5.78454381148418E-5
103.30325315	5.78145285001644E-5
103.4669533	5.77910131635096E-5
103.64265065	5.77741180622123E-5
103.80781175	5.77387302664602E-5
103.9715614	5.76658746175011E-5
104.13146205	5.76755124021016E-5
104.29185865	5.7593309235781E-5
104.4640007	5.75811780101129E-5
104.63603975	5.75578224318828E-5
104.7977524	5.75287762319161E-5
104.96357725	5.7477259487682E-5
105.13348385	5.74558399458165E-5
105.2888832	5.7407665768948E-5
105.45199205	5.73585178660352E-5
105.61997605	5.73262547277822E-5
105.7857399	5.73109685509606E-5
105.95506285	5.72418210842588E-5
106.118721	5.72401784059266E-5
106.28738405	5.72223987005625E-5
106.4496918	5.71844343654009E-5
106.60886765	5.71432392266565E-5
106.779911	5.71265635263255E-5
106.9523468	5.70843620903841E-5
107.1173325	5.70470493005727E-5
107.2829323	5.70442908311118E-5
107.4467621	5.69588465683461E-5
107.61239245	5.69565391804149E-5
107.78307345	5.69293978680162E-5
107.9409256	5.68862190203621E-5
108.1023407	5.68196661899545E-5
108.27380375	5.68241354660201E-5
108.43898015	5.68059586876611E-5
108.60839465	5.67679201392575E-5
108.78060915	5.67456852343146E-5
108.94760515	5.66928282351157E-5
109.11325075	5.66614842809784E-5
109.2770691	5.66634956953467E-5
109.44099805	5.6597318578952E-5
109.6013794	5.6546677769638E-5
109.7686615	5.65253184108389E-5
109.93836975	5.65303777481976E-5
110.0990181	5.64668350834385E-5
110.2672195	5.64754163919673E-5
110.4357109	5.63943328195713E-5
110.5882111	5.63648244575948E-5
110.74541855	5.63472013039076E-5
110.9225349	5.63228749014224E-5
111.0925102	5.62650956856216E-5
111.25784685	5.62509981998627E-5
111.4261322	5.62305048325315E-5
113.2065353	5.58721278313937E-5
113.26112365	5.58716391636851E-5
113.40656665	5.58530518336806E-5
113.5825272	5.5818714714899E-5
113.7505379	5.57764652757336E-5
113.9059639	5.57671882225207E-5
114.07424165	5.57342425114614E-5
114.24758915	5.5712760616443E-5
114.4093628	5.5675396865729E-5
114.56344985	5.56406250464816E-5
114.724453	5.56076288815779E-5
114.90049365	5.55660966886801E-5
115.0676918	5.55567221188769E-5
115.2358093	5.55148127653383E-5
115.4002609	5.54831008056476E-5
115.57274245	5.54725077277229E-5
115.73386765	5.5427624356074E-5
115.890934	5.54183189993266E-5
116.06949615	5.53910302945341E-5
116.2305031	5.53729719473318E-5
116.3859406	5.53282481840281E-5
116.5633774	5.52823204518309E-5
116.73719405	5.52894964541875E-5
116.89891815	5.52621767146872E-5
117.05430605	5.52374470247998E-5
117.22172165	5.52252972522345E-5
117.39886475	5.51556661271796E-5
117.5640526	5.51542402261442E-5
117.73291395	5.51172159730751E-5
117.8996887	5.50943514019685E-5
118.0615425	5.50716521645331E-5
118.2238884	5.50037138583795E-5
118.3864365	5.49977056555297E-5
118.55035785	5.49678811315896E-5
118.7212944	5.49590544991024E-5
118.8870201	5.49003134428696E-5
119.038723	5.48905599985966E-5
119.2070122	5.48806420268086E-5
119.38487625	5.48314242792618E-5
119.5561218	5.481965549852E-5
119.7201004	5.48019249862352E-5
119.88388825	5.47863336725766E-5
120.04972075	5.47492483790549E-5
120.2160835	5.47163065792299E-5
120.3744583	5.47153113056173E-5
120.5292778	5.46652150766098E-5
120.7085228	5.463937562917E-5
120.88640215	5.45894839274178E-5
121.0367546	5.45981649694538E-5
121.19363785	5.45590800888846E-5
121.3711777	5.45166551137218E-5
121.54795075	5.4477634158934E-5
121.71084215	5.44784080869303E-5
121.874691	5.44724525551997E-5
122.03362655	5.44350734375268E-5
123.7983475	5.41371120230284E-5
123.870163	5.41321728214721E-5
124.02666855	5.41140923509541E-5
124.2000618	5.40902158776391E-5
124.35863115	5.40656736679294E-5
124.51099015	5.40758720150141E-5
124.6751137	5.40381592935113E-5
124.8419266	5.40143538663307E-5
125.02271655	5.39964629088149E-5
125.1903992	5.39562076525616E-5
125.3493538	5.3931692851044E-5
125.5192375	5.39173586600897E-5
125.6911621	5.38988955691569E-5
125.8542061	5.38795109217576E-5
126.01177215	5.38413509890731E-5
126.17700195	5.38266359361148E-5
126.3467522	5.37702953800894E-5
126.520237	5.37633963007581E-5
126.69322205	5.37305858620929E-5
126.8616371	5.3697347634926E-5
127.0178337	5.36861564032431E-5
127.17725755	5.36443684323629E-5
127.35191345	5.36601822055132E-5
127.51776885	5.36243587250383E-5
127.6756592	5.35986386016341E-5
127.83991625	5.35686202318599E-5
128.0084839	5.35716861568192E-5
128.1843796	5.35299344765632E-5
128.34758	5.35144606821138E-5
128.50540165	5.34736744981213E-5
128.6767731	5.34300713556863E-5
128.84295655	5.34327429976489E-5
129.00821685	5.34078543606739E-5
129.17518615	5.33995014221955E-5
129.3411865	5.33772044051293E-5
129.50746155	5.33459563407538E-5
129.67202	5.33432433293535E-5
129.8380051	5.32906052642076E-5
130.00026705	5.32599603373874E-5
130.16549685	5.32550048876055E-5
130.33293155	5.32379486255294E-5
130.5020218	5.32057616850187E-5
130.670784	5.31606951681084E-5
130.8461075	5.31414911473547E-5
131.02124785	5.31296587773962E-5
131.18113705	5.31002877792465E-5
131.34378815	5.30741202166839E-5
131.50811005	5.30414246507147E-5
131.6789932	5.29888143386202E-5
131.8523941	5.29740347689942E-5
132.0115509	5.2980563862752E-5
132.17185975	5.29437040529594E-5
132.33285525	5.29482670370069E-5
132.4968109	5.28863692048264E-5
132.6649017	5.28815250943181E-5
134.4544373	5.26667411880712E-5
134.51728825	5.26487494905344E-5
134.66469575	5.26172834760311E-5
134.83361815	5.26023182793044E-5
135.00099945	5.25778160495319E-5
135.17459105	5.25549021129417E-5
135.34236145	5.2553913375606E-5
135.49725345	5.25138692197405E-5
135.6617432	5.24851781739928E-5
135.83804325	5.24928973417748E-5
136.006958	5.2450794839363E-5
136.1669235	5.2455142656001E-5
136.33444975	5.2412426922221E-5
136.50406645	5.2401795971338E-5
136.67147825	5.23426652151445E-5
136.84765625	5.23140558255254E-5
137.0125504	5.23305850988944E-5
137.1707993	5.23094999891397E-5
137.3354111	5.22841771029978E-5
137.5027542	5.22514296663246E-5
137.67272945	5.22468203932217E-5
137.8448715	5.22205252369862E-5
138.01254275	5.22126667758249E-5
138.17748265	5.21492928573886E-5
138.34170535	5.214560059075E-5
138.50627135	5.21484322550649E-5
138.68289185	5.20981295345258E-5
138.85533905	5.20754246262212E-5
139.0130615	5.20642827244035E-5
139.1761093	5.20589526945792E-5
139.34675595	5.20063338793266E-5
139.5198288	5.19923620783536E-5
139.6825638	5.19908226225407E-5
139.842247	5.19394345811932E-5
140.01491545	5.19169922611556E-5
140.1869888	5.18859869904095E-5
140.3556137	5.19072523096112E-5
140.51387025	5.1864473767388E-5
140.68587495	5.18410640913811E-5
140.8555527	5.18398904069298E-5
141.0171738	5.18022853831296E-5
141.18488315	5.17792413675089E-5
141.345665	5.17592895119114E-5
141.5114136	5.17186041858618E-5
141.67894745	5.17137262120045E-5
141.84947205	5.16784008114658E-5
142.0215149	5.16697333965153E-5
142.19317625	5.16908169428066E-5
142.36761475	5.16368817862216E-5
142.5271683	5.16174254948053E-5
142.6856766	5.16209148288474E-5
142.85107425	5.15913385162975E-5
143.0157242	5.15673667160201E-5
143.1846237	5.15230084850423E-5
143.35498045	5.15018250765442E-5
145.183075	5.13113762421715E-5
145.2258072	5.12813418786816E-5
145.35196685	5.12505317493747E-5
145.52474975	5.12460496485466E-5
145.69114685	5.12205439083067E-5
145.85195925	5.12117570200115E-5
146.02171325	5.11955873022219E-5
146.1906204	5.11631260691664E-5
146.3569946	5.11272055841511E-5
146.51868435	5.11249493905792E-5
146.68907165	5.11062795612679E-5
146.85702515	5.10651875290213E-5
147.01470945	5.10530272738434E-5
147.1807251	5.10301059522415E-5
147.3517685	5.10217352585716E-5
147.51889035	5.10008331781946E-5
147.6839218	5.10221184046339E-5
147.8493805	5.09942762523219E-5
148.00981905	5.09388332401896E-5
148.17829895	5.09227388605763E-5
148.34439085	5.09279133394397E-5
148.5083084	5.08875297740332E-5
148.6815872	5.08867890944429E-5
148.84926605	5.08818098832117E-5
149.0196457	5.08557778880491E-5
149.1860504	5.08063241510752E-5
149.3453903	5.07951223785571E-5
149.50808715	5.07846560231181E-5
149.67214965	5.07546913666538E-5
149.8427887	5.07373187272473E-5
150.01262665	5.07065743169818E-5
150.1773071	5.07192425661632E-5
150.34109495	5.06944935344582E-5
150.5065918	5.06736806913483E-5
150.6755295	5.06510207896278E-5
150.841507	5.06244340857085E-5
151.00524905	5.06295037508308E-5
151.17168425	5.05799501179177E-5
151.33872985	5.05715179464319E-5
151.5067215	5.05159075827808E-5
151.6659317	5.05269093052812E-5
151.83085635	5.04648589130028E-5
152.003624	5.04735626156535E-5
152.1619034	5.04890643175019E-5
152.32775115	5.04603723553218E-5
152.5038986	5.04378328069672E-5
152.66728975	5.04180442941266E-5
152.8238602	5.03789879054643E-5
152.9871445	5.03716425789452E-5
153.15892795	5.0345727423619E-5
153.322464	5.03622286762849E-5
153.48760985	5.03359807800031E-5
153.6509857	5.03242080509416E-5
153.81622315	5.02840729403058E-5
153.9840393	5.02376885575754E-5
155.7322083	5.00854192916856E-5
155.81120305	5.00557534188466E-5
155.97461705	5.00240450915536E-5
156.1404648	4.99904096587857E-5
156.3089676	5.00224198277439E-5
156.47245025	4.99798072691226E-5
156.6361923	4.99625580546951E-5
156.8091736	4.99315060388596E-5
156.97431945	4.99324284307556E-5
157.1363525	4.99125031765236E-5
157.30513	4.9906062716078E-5
157.47478485	4.98824227173742E-5
157.6403198	4.98835904190746E-5
157.79081725	4.98379296605743E-5
157.95118715	4.98399505997353E-5
158.13009645	4.98424289903281E-5
158.2988434	4.98038972910782E-5
158.45761875	4.97713428618742E-5
158.62541965	4.97811648918472E-5
158.79174805	4.97508718811178E-5
158.95652005	4.97432961540198E-5
159.12862395	4.97296778685168E-5
159.29343415	4.96911665778681E-5
159.4435272	4.96762915651655E-5
159.60936735	4.96497905970867E-5
159.780159	4.96243889894879E-5
159.94062805	4.96237023689917E-5
160.1137695	4.95882026661354E-5
160.2696533	4.95726190315963E-5
160.43136595	4.95798052972205E-5
160.6106491	4.95761810550689E-5
160.76861575	4.9561284656268E-5
160.93836215	4.95385767133586E-5
161.1109543	4.95001184934483E-5
161.26634215	4.94952927571028E-5
161.43429565	4.94622439111614E-5
161.5983124	4.9463688354196E-5
161.7634659	4.94235006318139E-5
161.93777465	4.94085847085693E-5
162.10715485	4.93971229827788E-5
162.27640535	4.93870705256522E-5
162.43431855	4.9383073689888E-5
162.59342195	4.93584980770658E-5
162.76711275	4.93368793211701E-5
162.9253693	4.9317582164244E-5
163.09362795	4.93127450656666E-5
163.267334	4.92993122565048E-5
163.4292679	4.92808243513733E-5
163.59417725	4.9250376368745E-5
163.7594452	4.92632095303397E-5
163.9274521	4.9231854666857E-5
164.0914078	4.92007466546927E-5
164.2459412	4.91936358600684E-5
164.40755465	4.91565658950949E-5
164.57476045	4.91657733956486E-5
166.3889618	4.89444436938398E-5
166.4405365	4.89894748322815E-5
166.5788803	4.89914484113711E-5
166.74790955	4.89709980743492E-5
166.9095917	4.89347526452962E-5
167.0793915	4.89053695423169E-5
167.2419739	4.89171984885366E-5
167.4018326	4.88751449156434E-5
167.573761	4.88854091798199E-5
167.74652865	4.88452106827803E-5
167.905159	4.88318700696696E-5
168.07067105	4.88177339258495E-5
168.2379837	4.88131488405464E-5
168.39512635	4.87949264428843E-5
168.56246185	4.87955952965319E-5
168.72654725	4.87451622637225E-5
168.89933775	4.87608572512E-5
169.0748901	4.87257681641447E-5
169.23870085	4.87224070459488E-5
169.4027405	4.87027620059393E-5
169.5699692	4.8682156288662E-5
169.72746275	4.86832677313886E-5
169.88708495	4.86458356276632E-5
170.0582657	4.86342667585926E-5
170.2238312	4.8624953252187E-5
170.38607025	4.86302929134325E-5
170.55485535	4.85745410182604E-5
170.72246555	4.85702582454681E-5
170.8972626	4.8574688863171E-5
171.0720215	4.85698132647821E-5
171.2305374	4.85125934716239E-5
171.3890915	4.85267618366563E-5
171.5535889	4.85105435958972E-5
171.71728515	4.84945728921207E-5
171.89124295	4.84611925852073E-5
172.05548855	4.84488796506717E-5
172.20809935	4.84560148429028E-5
172.37321475	4.84138116153178E-5
172.542717	4.84035638686335E-5
172.71879575	4.8392974390677E-5
172.89141845	4.83647676408243E-5
173.0589676	4.83791689539275E-5
173.21668245	4.83345732220705E-5
173.3724976	4.83259191167053E-5
173.5435791	4.83138308516932E-5
173.71450805	4.83041025232014E-5
173.8755875	4.82846696352434E-5
174.0378876	4.82400980842239E-5
174.20591735	4.82474585008607E-5
174.3759842	4.82570274921271E-5
174.54605865	4.8197172760881E-5
174.71939845	4.82277218185492E-5
174.8916473	4.81699435692758E-5
175.04414365	4.81763168504009E-5
175.199028	4.81431271379473E-5
177.01033785	4.7964819105579E-5
177.07678225	4.79421790314573E-5
177.2060013	4.79554128894683E-5
177.36869815	4.79350237319228E-5
177.5400162	4.79019027104934E-5
177.70824435	4.78883720990546E-5
177.8775864	4.78983205013013E-5
178.04114535	4.78637702004517E-5
178.19835665	4.78462439651907E-5
178.36237335	4.78160991582943E-5
178.53547665	4.78091661067116E-5
178.71114345	4.78096432943589E-5
178.8679504	4.77905052527882E-5
179.02511595	4.77791479688616E-5
179.1904831	4.77578985336775E-5
179.35728455	4.77345997667446E-5
179.52027895	4.77355796096963E-5
179.6856461	4.77233086445408E-5
179.85032655	4.76910302236359E-5
180.01585385	4.77048030741583E-5
180.1849823	4.76745527442986E-5
180.35579685	4.766823797069E-5
180.5265503	4.76312829460153E-5
180.68962095	4.7615014317565E-5
180.85388945	4.76210961659013E-5
181.0264206	4.7592229550855E-5
181.190712	4.7554088868521E-5
181.35709385	4.75872093417802E-5
181.52092745	4.75543586023337E-5
181.689415	4.75565598489951E-5
181.86779025	4.75227416303209E-5
182.022522	4.74931972355128E-5
182.18047335	4.75016526584756E-5
182.35115815	4.74691286400353E-5
182.5227585	4.74545853327346E-5
182.6886978	4.74374859647179E-5
182.8531036	4.74339094090137E-5
183.01841735	4.74056232326464E-5
183.1821518	4.74231354647452E-5
183.3484497	4.73835121722561E-5
183.5171585	4.73723087227943E-5
183.68424225	4.73634750665697E-5
183.85207365	4.73279838728411E-5
184.0242538	4.73302954375034E-5
184.1930847	4.72746744443871E-5
184.34950255	4.7294977269567E-5
184.50572965	4.72630387788843E-5
184.67179105	4.72447205419295E-5
184.839447	4.7248768538594E-5
185.01006315	4.72222567546768E-5
185.17101285	4.72241554954226E-5
185.3372421	4.72089523926382E-5
185.5149765	4.7201685238755E-5
185.6863785	4.71785490153342E-5
185.8487549	4.71477348466673E-5
187.5956879	4.70216904716346E-5
187.6756363	4.69842369354979E-5
187.84586335	4.69794389985691E-5
188.0088425	4.69094269916754E-5
188.16564945	4.69363543079482E-5
188.34059145	4.69369354392435E-5
188.5044327	4.69047477895051E-5
188.6642685	4.68889462450174E-5
188.8387756	4.68754728448276E-5
189.00255585	4.68459084411426E-5
189.16176605	4.68311201681023E-5
189.3292999	4.6814196226022E-5
189.49266815	4.68142175434434E-5
189.6647873	4.67803104068377E-5
189.83527375	4.68005661763766E-5
189.98965455	4.67667231324733E-5
190.1488037	4.67695664448443E-5
190.3173294	4.67705710992968E-5
190.48812105	4.67376779976361E-5
190.65813445	4.67532579321875E-5
190.8248901	4.67176148120486E-5
190.99020385	4.66630988610487E-5
191.1637726	4.66632496528088E-5
191.33319855	4.66620958862266E-5
191.4899521	4.6640514837299E-5
191.64865875	4.66469731477164E-5
191.8175964	4.66265974987943E-5
191.98930355	4.65866439972853E-5
192.1579666	4.65660065361736E-5
192.3212738	4.65767169958247E-5
192.4833603	4.65615669347708E-5
192.6409836	4.65261589378529E-5
192.80352785	4.65194345190908E-5
192.97176365	4.65070743003642E-5
193.13777165	4.65071089993972E-5
193.31061555	4.65038228748207E-5
193.4813461	4.64884275793882E-5
193.65076445	4.64718186149965E-5
193.81201935	4.64366347172419E-5
193.9769821	4.64276517491728E-5
194.1501312	4.64084655939342E-5
194.30944825	4.63882623707484E-5
194.4734955	4.63839688741821E-5
194.6436386	4.63709134797386E-5
194.80770875	4.63688448302108E-5
194.9738312	4.63339357212796E-5
195.1423416	4.63242427238813E-5
195.30675505	4.6327796521344E-5
195.4683609	4.62847874729566E-5
195.63391115	4.62989928417727E-5
195.80277255	4.62543580362521E-5
195.9730835	4.62202073129862E-5
196.12997435	4.62611685360571E-5
196.2844238	4.62425807789124E-5
196.4632568	4.62293890717735E-5
198.2544098	4.60475116043942E-5
198.3160324	4.60521707522998E-5
198.46463775	4.60444745541297E-5
198.629982	4.60155559476827E-5
198.7928772	4.60194999180433E-5
198.960289	4.60054605479094E-5
199.1219711	4.59675799822176E-5
199.2930908	4.59812153743998E-5
199.45549775	4.59578790139991E-5
199.6125107	4.59285073654759E-5
199.78855135	4.59087812296264E-5
199.9606552	4.59010496361255E-5
200.12444305	4.58612511394997E-5
200.28803255	4.58877589007516E-5
200.4521408	4.59046558831628E-5
200.61528015	4.58635488480453E-5
200.78549195	4.58429317823481E-5
200.9488373	4.58338514149128E-5
201.11405185	4.57907242726856E-5
201.28282165	4.57908088014671E-5
201.4410324	4.57595981007893E-5
201.61437225	4.5755250388542E-5
201.7842331	4.57669787436081E-5
201.94841005	4.57324413039681E-5
202.12008665	4.57113741486107E-5
202.2864685	4.57062639406203E-5
202.45071415	4.56944980018105E-5
202.61717225	4.5680016584229E-5
202.78659055	4.56620060882343E-5
202.95149995	4.56529995015869E-5
203.118454	4.56452343072879E-5
203.28066255	4.56245935873833E-5
203.44780735	4.56047910810812E-5
203.612587	4.55951794166534E-5
203.7707901	4.55973404020359E-5
203.93715665	4.55782976997484E-5
204.09397885	4.55458067578969E-5
204.2676773	4.55332448974389E-5
204.45149995	4.55174388180186E-5
204.61891175	4.55164928579515E-5
204.78173065	4.54867965472884E-5
204.93510435	4.54732998388452E-5
205.09823605	4.54484261055217E-5
205.26278685	4.54352270432913E-5
205.41314695	4.54446980412232E-5
205.58950805	4.54180603614539E-5
205.7740784	4.54112771676717E-5
205.9430466	4.5399384320267E-5
206.10247805	4.53723510281903E-5
206.2647858	4.5372617025774E-5
206.43257145	4.53471292927272E-5
206.6017685	4.53395135101604E-5
206.7603378	4.53324307626347E-5
206.92718505	4.53026817800584E-5
207.09307865	4.53067495642943E-5
208.9038391	4.51709376785445E-5
208.95404815	4.51703697302021E-5
209.0956955	4.51241534894466E-5
209.26200865	4.51197390021473E-5
209.41849515	4.51027908150094E-5
209.58267975	4.50768159406865E-5
209.76099395	4.50806580482012E-5
209.9343948	4.5064271735955E-5
210.09597775	4.5020970929072E-5
210.25746915	4.50297390571094E-5
210.4294815	4.50040038203052E-5
210.5938492	4.50060067230741E-5
210.75299835	4.50097232572925E-5
210.9314346	4.49873745963804E-5
211.10495755	4.49607526243869E-5
211.2715454	4.49341751818913E-5
211.43120575	4.49250329421142E-5
211.5993271	4.49618474748485E-5
211.7597046	4.49222582384804E-5
211.9256897	4.48926436531909E-5
212.1014099	4.48962941047051E-5
212.26449585	4.48615499462549E-5
212.42172245	4.48803508226345E-5
212.5817261	4.48478237402392E-5
212.7548752	4.48202853667911E-5
212.9146576	4.48115925779474E-5
213.0733261	4.4835104638575E-5
213.23722075	4.47849860628992E-5
213.40071105	4.47953628505631E-5
213.56934355	4.478718247161E-5
213.7377243	4.47564657179082E-5
213.90232085	4.47181009028494E-5
214.07993315	4.46933453020624E-5
214.2512131	4.4709424640341E-5
214.41108705	4.47314289027946E-5
214.587471	4.46836163899232E-5
214.7599716	4.46960083635055E-5
214.9271774	4.46736895794523E-5
215.08644865	4.46284372654996E-5
215.2470932	4.46460692168211E-5
215.42053985	4.46359914705227E-5
215.58377075	4.4602604992866E-5
215.7576294	4.45849787455045E-5
215.9245758	4.45883087137629E-5
216.07975005	4.45713598323221E-5
216.2486496	4.45472969630443E-5
216.4173508	4.45301670596961E-5
216.58386995	4.4541001404443E-5
216.7518997	4.4536377279592E-5
216.9301605	4.45082107589478E-5
217.09426115	4.44802715846929E-5
217.2527313	4.44677860575872E-5
217.41890715	4.4465098231189E-5
217.59106445	4.44476465243371E-5
217.76625825	4.44602740570001E-5
219.5699692	4.43008891532494E-5
219.63430025	4.42865758894543E-5
219.77017975	4.42610141479514E-5
219.93602755	4.42822709130298E-5
220.1020432	4.42472443652293E-5
220.272316	4.42061741477467E-5
220.43974305	4.42069159005649E-5
220.6103287	4.42293296342629E-5
220.7699356	4.42056923064599E-5
220.93645475	4.41806980750508E-5
221.10131835	4.41666899070815E-5
221.26382445	4.41656517079048E-5
221.4423599	4.41291113057554E-5
221.60251615	4.41168120855271E-5
221.75992585	4.41183633530231E-5
221.93180085	4.41048241049637E-5
222.09976195	4.40659851017364E-5
222.26535035	4.40868818565137E-5
222.4320984	4.40787801248959E-5
222.61328125	4.40386687220538E-5
222.79434205	4.40375801922065E-5
222.96118165	4.40142898302569E-5
223.12049105	4.40400789570095E-5
223.28408815	4.40099780780189E-5
223.4559555	4.39642517171641E-5
223.61878965	4.39822428904183E-5
223.77828215	4.39799119633238E-5
223.95196535	4.39629079765566E-5
224.13201145	4.39356852143843E-5
224.29249575	4.39102500165235E-5
224.44901275	4.39366686456858E-5
224.61676025	4.39001924672649E-5
224.7832489	4.39124591293615E-5
224.9531479	4.38809672867629E-5
225.130867	4.39096057843624E-5
225.30644225	4.3842146966067E-5
225.4676285	4.38780504388884E-5
225.6298447	4.38193428802164E-5
225.79669955	4.38186985078791E-5
225.96172335	4.38303794041058E-5
226.1308823	4.3796335422926E-5
226.29820255	4.38057823933229E-5
226.46981815	4.37941644133532E-5
226.63813785	4.38066590386848E-5
226.8027878	4.37437485672315E-5
226.9677658	4.37337248587124E-5
227.1355896	4.3708972245822E-5
227.30696105	4.36991287063845E-5
227.47759245	4.37047104316811E-5
227.6504898	4.37197715005017E-5
227.8130264	4.36686530758732E-5
227.97936245	4.36430932828596E-5
228.14723965	4.36426811213348E-5
228.31212615	4.36429196058101E-5
228.4770813	4.35988040030388E-5
230.2443848	4.3489161206581E-5
230.32097625	4.35084678604205E-5
230.47296905	4.34832854239969E-5
230.6494217	4.34623673903651E-5
230.81027985	4.34280521218413E-5
230.97535705	4.343672146956E-5
231.1349945	4.3418826091086E-5
231.29846955	4.34274942000118E-5
231.46388245	4.33993312691364E-5
231.62430575	4.33929209768385E-5
231.790802	4.33643911775363E-5
231.9548492	4.33637464685899E-5
232.121376	4.33344039891837E-5
232.2875137	4.33511569533151E-5
232.44893645	4.33560313361978E-5
232.61141205	4.33155345173688E-5
232.7807541	4.33264740338627E-5
232.94158175	4.3270146807721E-5
233.11312105	4.32769591853562E-5
233.28302765	4.32661431788402E-5
233.4356079	4.32500526185569E-5
233.60102845	4.32423409239517E-5
233.77191925	4.32533755680646E-5
233.93968965	4.31928731823839E-5
234.10993195	4.32232714984613E-5
234.27703095	4.31872019694479E-5
234.4395905	4.31737714607138E-5
234.60930635	4.31630287512424E-5
234.77915955	4.31718313216722E-5
234.94192505	4.31409976281048E-5
235.1037674	4.31247268784792E-5
235.266861	4.31072248102152E-5
235.4249802	4.30904996700591E-5
235.5873566	4.31019768414234E-5
235.75629425	4.30524483421732E-5
235.92378995	4.30414782787212E-5
236.08625795	4.30498623687672E-5
236.2464905	4.30530345914024E-5
236.40922545	4.30582098556572E-5
236.57373045	4.30317597442204E-5
236.74009705	4.29815584891548E-5
236.9011307	4.29800056137135E-5
237.0639496	4.29357165310671E-5
237.2281647	4.29513099000372E-5
237.39530945	4.29604289399549E-5
237.5641403	4.29373628441945E-5
237.7289505	4.29249182781789E-5
237.89728545	4.29084875942272E-5
238.06336975	4.2910230527683E-5
238.2249222	4.28969575805208E-5
238.39611055	4.28772807047008E-5
238.56445315	4.28661737861923E-5
238.7298508	4.28558740380077E-5
238.8982773	4.28615183284139E-5
239.0548096	4.28357428967764E-5
240.8860931	4.26878874943548E-5
240.9356155	4.26799521768065E-5
241.06415555	4.26854180017128E-5
241.2274475	4.27119597004764E-5
241.3942337	4.27161279975911E-5
241.5592346	4.2676919842047E-5
241.7188339	4.26471427526765E-5
241.8843765	4.26020554958367E-5
242.06002045	4.25819014949287E-5
242.2257538	4.25854726943518E-5
242.3895111	4.2577332682991E-5
242.5565109	4.25681055500442E-5
242.71968075	4.25842141599682E-5
242.88706205	4.25735168494675E-5
243.049057	4.25167440480181E-5
243.2116165	4.25533889249002E-5
243.38197325	4.25276374044605E-5
243.5473938	4.25394699421648E-5
243.70867155	4.25409028669388E-5
243.86460875	4.24904145477042E-5
244.0236435	4.24795339284732E-5
244.1933136	4.24914353955297E-5
244.3530731	4.24653958222916E-5
244.4996719	4.24613415053372E-5
244.6570282	4.24416277613816E-5
244.8261795	4.24375840323354E-5
244.99578855	4.24023604394004E-5
245.1586075	4.2430474467096E-5
245.3190842	4.24112526449099E-5
245.4808426	4.23922173317058E-5
245.6359787	4.2401341770957E-5
245.7999878	4.23860738303982E-5
245.9665375	4.23493355461429E-5
246.1264267	4.23482954328495E-5
246.28482055	4.23008841780636E-5
246.44168855	4.23121782691555E-5
246.60780335	4.22905912529115E-5
246.78099825	4.22926570987443E-5
246.94202425	4.23016747323052E-5
247.1001358	4.22497381050346E-5
247.26921845	4.22589762207103E-5
247.4383469	4.22415133802559E-5
247.5953751	4.2189413011317E-5
247.7477417	4.21656164106243E-5
247.91316985	4.22040342656525E-5
248.0800247	4.22022822066155E-5
248.238945	4.21498942280757E-5
248.3955994	4.21561461241082E-5
248.5541611	4.21366685893858E-5
248.71990205	4.20902291848746E-5
248.8869095	4.20537626612997E-5
249.045784	4.20448351402341E-5
249.20892335	4.19878903215953E-5
249.3758774	4.2023969538464E-5
249.5439224	4.19621526921997E-5
249.70535275	4.20095444227212E-5
251.4026031	4.18087440475877E-5
251.4759979	4.17576630542062E-5
251.6150818	4.17643765929121E-5
251.7705841	4.1721046588785E-5
251.9411926	4.16936683676495E-5
252.10360715	4.17427946268858E-5
252.26314545	4.16999610756774E-5
252.42079165	4.17097520688089E-5
252.5770645	4.17058792992281E-5
252.7206726	4.16897566169256E-5
252.8789139	4.16789379858038E-5
253.04704285	4.16955629771928E-5
253.20070645	4.16251785486286E-5
253.3635025	4.16508821608613E-5
253.52793125	4.15982021228054E-5
253.6838379	4.16112014202937E-5
253.83779145	4.15952472535669E-5
253.9833832	4.1616382895438E-5
254.13669585	4.1589279862481E-5
254.2961044	4.1548716693084E-5
254.4470062	4.1560609086958E-5
254.6025543	4.15360637292052E-5
254.74399565	4.15373355997543E-5
254.89385225	4.15237333587487E-5
255.05970005	4.14891835254675E-5
255.20368195	4.15014922660842E-5
255.3577423	4.14848732021354E-5
255.51628115	4.14769412665484E-5
255.6740265	4.14865940878169E-5
255.846344	4.149275513123E-5
256.0005188	4.14798248170506E-5
256.16252135	4.14217845581425E-5
256.34347535	4.1455724970716E-5
256.50593565	4.14518889697512E-5
256.6651611	4.13856202821699E-5
256.8461456	4.14122618722285E-5
257.0299835	4.14018774520617E-5
257.21147155	4.14098516484564E-5
257.3777771	4.14259140851151E-5
257.5408783	4.13678621543326E-5
257.722702	4.1379495241239E-5
257.88916015	4.14050742464837E-5
258.0559082	4.13681387545283E-5
258.2469177	4.13895962847329E-5
258.4381561	4.13666615363656E-5
258.6190643	4.13537408641295E-5
258.79855345	4.13675364459846E-5
258.9814758	4.13661174152307E-5
259.1546173	4.12889662781413E-5
259.32392885	4.13187460738357E-5
259.49931335	4.13303850233599E-5
259.6723175	4.1292359543111E-5
259.84861755	4.13031417741169E-5
260.01901245	4.12764245828309E-5
260.18743895	4.12510287600362E-5
260.35350035	4.12252933916519E-5
262.1813354	4.10907723008271E-5
262.25012205	4.10727639427404E-5
262.41207885	4.10428992041582E-5
262.5996246	4.10338327692354E-5
262.78044125	4.099541106498E-5
262.9519806	4.09982092201435E-5
263.1163025	4.09848341129615E-5
263.2823639	4.09582017889951E-5
263.456955	4.09752628666475E-5
263.618454	4.09802992431319E-5
263.77919005	4.09579910731324E-5
263.9593811	4.09172085812718E-5
264.1250458	4.09113831900777E-5
264.27934265	4.09043191837022E-5
264.4410858	4.08845025728823E-5
264.60453795	4.08943308573455E-5
264.77600095	4.08831049195739E-5
264.94114685	4.08912347679129E-5
265.10032655	4.08582526008818E-5
265.2700348	4.08758836135452E-5
265.43441775	4.08403142813765E-5
265.59939575	4.08169075943715E-5
265.7696991	4.08101551799855E-5
265.92782595	4.08068556925721E-5
266.0877838	4.08122576150325E-5
266.2559967	4.08054642966349E-5
266.4215851	4.07879297821551E-5
266.5844879	4.07697190043274E-5
266.74801635	4.07564866979266E-5
266.91674805	4.07479214224821E-5
267.0796051	4.07274824932659E-5
267.24092105	4.07043930132728E-5
267.4071808	4.07202308108272E-5
267.574646	4.06823103469364E-5
267.7406769	4.06961718036847E-5
267.9058075	4.06732745463162E-5
268.08042905	4.06854002731481E-5
268.240448	4.06641457080351E-5
268.397522	4.06593287843478E-5
268.56544495	4.06378280136969E-5
268.7380371	4.06273844416784E-5
268.90179445	4.06174293528281E-5
269.0668335	4.05995251693387E-5
269.2324066	4.05977373076975E-5
269.39094545	4.05847926174105E-5
269.5570984	4.05578428947369E-5
269.7216797	4.05555468616394E-5
269.8856659	4.05456064176569E-5
270.04815675	4.05554921225584E-5
270.21429445	4.05503529249308E-5
270.37879945	4.05142692195689E-5
270.54411315	4.05123651721046E-5
270.7089996	4.05059737939975E-5
270.8801727	4.04999132521681E-5
271.0437927	4.0504340955026E-5
272.8590088	4.03863369014421E-5
272.9093323	4.03583908324945E-5
273.0342865	4.03716749075977E-5
273.1972961	4.03625891319574E-5
273.36723325	4.03467877619559E-5
273.541214	4.03174399342094E-5
273.7065277	4.03231995191214E-5
273.864151	4.02811910982311E-5
274.0382996	4.02932329194776E-5
274.20126345	4.03054121961226E-5
274.3603058	4.02948927406468E-5
274.5258484	4.02588141543396E-5
274.69474795	4.02579426839407E-5
274.86036685	4.02656201401718E-5
275.0221863	4.0228179908133E-5
275.18786625	4.02292588427806E-5
275.35133365	4.02235687930244E-5
275.5177002	4.01958034200979E-5
275.6873932	4.01515534254536E-5
275.85115055	4.01738895988316E-5
276.00999455	4.01809939681482E-5
276.1800995	4.01516330100484E-5
276.3460846	4.01418801666953E-5
276.5118103	4.01586663544597E-5
276.6847839	4.01437983047674E-5
276.85443115	4.01312924671143E-5
277.02398685	4.01068201575093E-5
277.1940918	4.01001851778035E-5
277.36627195	4.00887346451331E-5
277.5309906	4.00539792188226E-5
277.6987915	4.00343287641322E-5
277.8747711	4.00324974555351E-5
278.04725645	4.0038070247839E-5
278.2099609	4.00101524608198E-5
278.3780365	4.00337662054384E-5
278.54930115	3.99788042489924E-5
278.7067871	3.99793901942419E-5
278.87413025	3.99574357826065E-5
279.0465088	3.99592265578466E-5
279.21215825	3.9937717427337E-5
279.3807068	3.99028486750947E-5
279.55325315	3.9899836657244E-5
279.7221069	3.99061049293203E-5
279.88638305	3.98728506047456E-5
280.0566864	3.98565226961383E-5
280.22567745	3.9866221124876E-5
280.3964996	3.98586049893111E-5
280.57183835	3.98713062448153E-5
280.7384796	3.98293256915708E-5
280.90060425	3.98260473979154E-5
281.06733705	3.98166427790355E-5
281.236496	3.98387120925384E-5
281.40272525	3.97986193407757E-5
281.57292175	3.97808558674923E-5
281.74467465	3.97633328955524E-5
283.563858	3.96618959189879E-5
283.6300354	3.96338186973946E-5
283.76701355	3.96170626089227E-5
283.9311218	3.96329465805596E-5
284.09375	3.96149583734218E-5
284.2639313	3.9608772724426E-5
284.426178	3.95825458849222E-5
284.5885315	3.95784935365467E-5
284.7644043	3.95667818231988E-5
284.9338379	3.95349145146485E-5
285.0965729	3.95383318948951E-5
285.26391605	3.95498078006921E-5
285.43215945	3.95324281433372E-5
285.6002655	3.95086626981856E-5
285.760849	3.95360598787877E-5
285.92700195	3.95122585454944E-5
286.09791565	3.95068414608836E-5
286.26594545	3.94883302106868E-5
286.43663025	3.94893842139023E-5
286.61164855	3.94403811174106E-5
286.77648925	3.94989304439532E-5
286.9368744	3.94607775950366E-5
287.10409545	3.94352547445629E-5
287.2692413	3.93943240478385E-5
287.438858	3.94186227712069E-5
287.6007843	3.94028658508515E-5
287.7649231	3.94361335236073E-5
287.9393463	3.93549707359384E-5
288.0997467	3.93859876123679E-5
288.26400755	3.93709489892802E-5
288.43299865	3.93376812924381E-5
288.60531615	3.93245094043545E-5
288.77848815	3.93113073613403E-5
288.93626405	3.93076206997711E-5
289.1023102	3.93166916775879E-5
289.27188115	3.93101867732133E-5
289.4359589	3.92846137247444E-5
289.5990448	3.92655089827081E-5
289.76689145	3.92726910013257E-5
289.93766785	3.92316822936494E-5
290.10922245	3.92765920710632E-5
290.28135685	3.92345052588308E-5
290.43930055	3.92240544321684E-5
290.6039276	3.92142743859621E-5
290.7771301	3.92018125217424E-5
290.9478149	3.91894934732589E-5
291.12120055	3.91741572531854E-5
291.2855072	3.91825602573975E-5
291.4520569	3.91614684353473E-5
291.6183777	3.91429796812256E-5
291.7786255	3.91066295550719E-5
291.95556645	3.91444197794166E-5
292.1263733	3.91396716396669E-5
292.28663635	3.91102338369103E-5
294.1001282	3.89953974219441E-5
294.15653995	3.90197991964143E-5
294.2939606	3.89767894650527E-5
294.45889285	3.89580203071754E-5
294.6227417	3.89231974595348E-5
294.77459715	3.89579898110028E-5
294.94189455	3.89311158154207E-5
295.12007145	3.88975059415976E-5
295.2868805	3.88997360687868E-5
295.4605255	3.887693327019E-5
295.62763975	3.88905339815964E-5
295.7853851	3.88782388183209E-5
295.95332335	3.88807746875181E-5
296.12423705	3.88116773594988E-5
296.29122925	3.88571377084099E-5
296.4467163	3.88342439011594E-5
296.6191864	3.88264749540795E-5
296.790802	3.87965294505831E-5
296.957489	3.87918041127552E-5
297.13290405	3.88037756692387E-5
297.30107115	3.87815165368765E-5
297.47416685	3.87517670992289E-5
297.6304474	3.87411265205719E-5
297.79486085	3.87448276857944E-5
297.9758911	3.87059921442741E-5
298.1348572	3.87595663665086E-5
298.2866974	3.87052307745526E-5
298.46583555	3.87107757296665E-5
298.645813	3.86971793220123E-5
298.8086243	3.86686916067743E-5
298.96133425	3.86857645857223E-5
299.11676025	3.86767416122191E-5
299.2909088	3.86630424038494E-5
299.47135925	3.86465537668595E-5
299.6430664	3.86146319234503E-5
299.80293275	3.86069660761219E-5
299.96839905	3.85964872685273E-5
300.13874815	3.86103347377351E-5
300.30207825	3.85830207095259E-5
300.4563141	3.8632734976595E-5
300.6199188	3.85387536002135E-5
300.7925415	3.85625234575784E-5
300.949646	3.85632091158917E-5
301.12127685	3.85425541744809E-5
301.2895203	3.85431203586724E-5
301.44555665	3.85224405038801E-5
301.61198425	3.85092679744327E-5
301.7751465	3.8513986294752E-5
301.94210815	3.8497438519208E-5
302.1195831	3.84590458577271E-5
302.2977905	3.84784811709522E-5
302.4643097	3.8467690185153E-5
302.61968995	3.84457097940947E-5
302.7843628	3.84376789356618E-5
302.94766235	3.84333307296125E-5
304.77583315	3.82540311809706E-5
304.82621765	3.82748098485743E-5
304.945343	3.82661238310028E-5
305.1069641	3.82384243679522E-5
305.2742767	3.82029243335571E-5
305.44642635	3.82328087888829E-5
305.6058044	3.82518885358801E-5
305.77537535	3.82269795525296E-5
305.94659425	3.81747942643039E-5
306.10984805	3.82007964897112E-5
306.27020265	3.8161470133525E-5
306.43229675	3.81377546617769E-5
306.60147095	3.81448251513611E-5
306.76957705	3.81388656098766E-5
306.92668155	3.81336605084226E-5
307.0865326	3.8111948482006E-5
307.2587433	3.81253065457728E-5
307.42797855	3.80997727834485E-5
307.6022644	3.80714746781764E-5
307.7784729	3.8076420192363E-5
307.93252565	3.80667362105475E-5
308.08947755	3.80544341307801E-5
308.26254275	3.80727337863559E-5
308.42433165	3.80600074129501E-5
308.58325195	3.8022791364887E-5
308.75228885	3.80458780412117E-5
308.9185791	3.80202577602926E-5
309.0955963	3.80075637515064E-5
309.26408385	3.79901424640538E-5
309.42166135	3.79808471857381E-5
309.5884094	3.79098023142895E-5
309.7518921	3.79504036004299E-5
309.9164429	3.79579444497864E-5
310.0876007	3.78975446149674E-5
310.2644806	3.7905395379613E-5
310.42161565	3.78835709555846E-5
310.5860138	3.79301348424661E-5
310.7554321	3.79263650443601E-5
310.919281	3.78652572654056E-5
311.0924225	3.78868446172671E-5
311.2503662	3.78602769007618E-5
311.4070587	3.78467400608499E-5
311.5745697	3.78141473041316E-5
311.7447815	3.78139315732382E-5
311.91079715	3.77910840660758E-5
312.0740662	3.77909304645202E-5
312.23776245	3.77774917323342E-5
312.40060425	3.77901813365387E-5
312.5643921	3.7761222730496E-5
312.733078	3.77849042349134E-5
312.9025116	3.77775169460792E-5
313.0736389	3.77839415699482E-5
313.2466736	3.7774687122942E-5
313.40731815	3.77217046899285E-5
313.5753174	3.77339559234546E-5
315.40122985	3.75803637823656E-5
315.45063785	3.75655644105599E-5
315.56712345	3.75705399094065E-5
315.7285767	3.75338823057916E-5
315.8955231	3.75696322631418E-5
316.06022645	3.7554661719286E-5
316.21984865	3.75286965662698E-5
316.388031	3.75429746718199E-5
316.55773925	3.7542668393247E-5
316.72366335	3.75373583489418E-5
316.8860779	3.75203220257509E-5
317.0518341	3.75068742950249E-5
317.2149658	3.74638109576695E-5
317.378067	3.74795388295654E-5
317.55221555	3.7466414343972E-5
317.7192688	3.74636804511364E-5
317.88287355	3.74895437468512E-5
318.04856875	3.74458162415066E-5
318.2048035	3.74240361621593E-5
318.36280825	3.74419298999345E-5
318.52978515	3.73767931496531E-5
318.700119	3.73836316560891E-5
318.86698915	3.73946962928126E-5
319.0298462	3.73808982022695E-5
319.19999695	3.73676482336003E-5
319.366272	3.73557999080303E-5
319.5335236	3.7369317911694E-5
319.70079045	3.73325479863282E-5
319.86924745	3.73004685415234E-5
320.03582765	3.72959314168005E-5
320.197052	3.72723450974359E-5
320.3629913	3.7254170630662E-5
320.5276184	3.72407153543253E-5
320.69563295	3.72101977355791E-5
320.86529545	3.72487645566006E-5
321.03871155	3.72415001101706E-5
321.20361325	3.72315795603632E-5
321.36575315	3.72042638421728E-5
321.5341339	3.72323133436202E-5
321.70132445	3.71888068150975E-5
321.86782835	3.71838309080934E-5
322.03170775	3.72000557211012E-5
322.19050595	3.71655142194823E-5
322.355072	3.71244353877441E-5
322.5234375	3.71644807767838E-5
322.69503785	3.71526407663301E-5
322.86302185	3.71308593901692E-5
323.0243988	3.7133323322792E-5
323.19711305	3.71222702545612E-5
323.3617401	3.71067649188722E-5
323.5234985	3.70708241168394E-5
323.6933746	3.70515901532932E-5
323.8574371	3.70564419443487E-5
324.02540585	3.70365389095454E-5
324.18933105	3.7053504152599E-5
325.9794312	3.6944074681529E-5
326.04031375	3.69057063259822E-5
326.18562315	3.69035474046098E-5
326.3537292	3.69100578511382E-5
326.5240631	3.68706144275125E-5
326.68345645	3.69157117314835E-5
326.8427887	3.68730463210586E-5
327.01089475	3.68603179386968E-5
327.1776886	3.68686802164201E-5
327.3451233	3.68173480858275E-5
327.50993345	3.68148325724507E-5
327.67765805	3.68131884057455E-5
327.8454132	3.68122064182099E-5
328.00935365	3.67665825031099E-5
328.1768036	3.68112051833372E-5
328.34536745	3.67963132330893E-5
328.51524355	3.67737423785219E-5
328.6817932	3.67472712438124E-5
328.84649655	3.6762602026084E-5
329.0162201	3.67676093568411E-5
329.1854248	3.67454784843731E-5
329.34239195	3.67389198481331E-5
329.49720765	3.67314006780016E-5
329.66896055	3.66833053071474E-5
329.83992	3.66986447550603E-5
330.00772095	3.66520564171238E-5
330.1779175	3.66771244594255E-5
330.3462677	3.66431291097701E-5
330.51091005	3.66070435914219E-5
330.67774965	3.66545747469266E-5
330.83917235	3.66101171289445E-5
331.00448605	3.66208645569572E-5
331.17700195	3.66187930087174E-5
331.34176635	3.65914534206152E-5
331.51437375	3.65913652751681E-5
331.67733765	3.65887657457803E-5
331.84181215	3.65561886659582E-5
332.0067749	3.65339155917804E-5
332.1678772	3.65433291395995E-5
332.32914735	3.65323716395823E-5
332.4937744	3.65092990213325E-5
332.6673431	3.65271768194141E-5
332.8356781	3.65200269894968E-5
333.00747685	3.64567051470487E-5
333.16682435	3.64869693138346E-5
333.32211305	3.64778806830594E-5
333.48754885	3.64507039754133E-5
333.6606903	3.64534213474749E-5
333.8286133	3.64170252105909E-5
333.9876862	3.63724915227308E-5
334.15779115	3.64262467136996E-5
334.32673645	3.63877473019437E-5
334.4950867	3.64023680361378E-5
334.6686249	3.63505601770781E-5
334.8379822	3.63454538249411E-5
336.6376038	3.62495485896341E-5
336.7003174	3.62559758400148E-5
336.84353635	3.62414258237908E-5
337.0070648	3.62681918455289E-5
337.17233275	3.62124495659068E-5
337.34083555	3.61903874239046E-5
337.5037079	3.62033406151837E-5
337.6652222	3.6167130795514E-5
337.83117675	3.61886358617177E-5
338.0007324	3.61604240505261E-5
338.16897585	3.61850779911655E-5
338.33119205	3.61663481160985E-5
338.49749755	3.6136088547045E-5
338.6673889	3.61137643648053E-5
338.8309021	3.61213673174242E-5
338.9897766	3.61161568966242E-5
339.1595459	3.610556297633E-5
339.32569885	3.60954305790708E-5
339.49279785	3.60676053390385E-5
339.66311645	3.6038906718997E-5
339.8325348	3.6040397910516E-5
339.9940033	3.60536177144986E-5
340.1450653	3.60422008673835E-5
340.3179779	3.60298717073306E-5
340.4811096	3.60306438617739E-5
340.64645385	3.60346480065773E-5
340.8259735	3.59933712541544E-5
340.9900818	3.59850040159599E-5
341.15835575	3.59861922705297E-5
341.32914735	3.59871459892227E-5
341.49583435	3.59535521923533E-5
341.6555481	3.59391779839057E-5
341.816452	3.59432452758536E-5
341.989151	3.59218587137338E-5
342.1628113	3.59033840171532E-5
342.3245239	3.59052843888714E-5
342.4855499	3.59020756931204E-5
342.6569824	3.58949810326517E-5
342.82975765	3.59020411619028E-5
342.9832153	3.58839550697986E-5
343.1436615	3.58452069787066E-5
343.31578065	3.58603585900162E-5
343.4740906	3.58277097242807E-5
343.64616395	3.58231974823624E-5
343.82655335	3.58256260962388E-5
343.99203495	3.5779502403665E-5
344.143158	3.58079131758629E-5
344.29853825	3.58034862724557E-5
344.4794922	3.57551520419652E-5
344.6478729	3.5766413251792E-5
344.8082428	3.57669769573776E-5
344.97273255	3.57212609262836E-5
345.1339264	3.57323853288839E-5
345.3080597	3.57003826576393E-5
345.47839355	3.57250427412931E-5
347.27998355	3.5611083158223E-5
347.3386841	3.56061164817674E-5
347.46432495	3.56046976714074E-5
347.6353302	3.55832170786207E-5
347.802536	3.55678560736702E-5
347.9720764	3.55273882634426E-5
348.1497803	3.55161991989903E-5
348.3041077	3.55293919877681E-5
348.4715271	3.55532712638221E-5
348.6517334	3.55186995363089E-5
348.8161621	3.54770521599481E-5
348.97863765	3.55090063333714E-5
349.14515685	3.55007150938411E-5
349.30207825	3.54805372749338E-5
349.4584808	3.54617819671093E-5
349.6276855	3.54923271749633E-5
349.7913208	3.54383607179054E-5
349.96807865	3.54639501928505E-5
350.13594055	3.54768362666972E-5
350.2913971	3.54039472663711E-5
350.46240235	3.54192621253442E-5
350.63031005	3.53968698861127E-5
350.79737855	3.5402336171845E-5
350.96487425	3.53915270162236E-5
351.13182065	3.53632169326427E-5
351.30291745	3.54050446813526E-5
351.47364805	3.53743649483462E-5
351.64590455	3.53375794015313E-5
351.80360415	3.53676765821076E-5
351.96873475	3.53602011314364E-5
352.1369629	3.53436816700748E-5
352.30085755	3.52893593923951E-5
352.4779663	3.53186585152782E-5
352.64579775	3.52808102967912E-5
352.8015442	3.53074606402011E-5
352.96116635	3.5286948211409E-5
353.1292114	3.52399890864067E-5
353.30093385	3.52842355284409E-5
353.4651337	3.52252392527456E-5
353.6354523	3.52874508050742E-5
353.8125	3.52275692635668E-5
353.97099305	3.5247077667075E-5
354.12939455	3.5195112629759E-5
354.3004608	3.51646491257157E-5
354.4636383	3.52201200778249E-5
354.6226044	3.51616481880298E-5
354.7879944	3.51269851227193E-5
354.96365355	3.51613893221446E-5
355.1316223	3.51323397620962E-5
355.2883606	3.51206796330097E-5
355.45547485	3.51410584829119E-5
355.6217346	3.51259702773161E-5
355.79403685	3.50898014992259E-5
355.9706726	3.5105220802777E-5
356.14245605	3.51052315989562E-5
357.92141725	3.49766236142922E-5
357.98760985	3.49562892437722E-5
358.11909485	3.49643357131158E-5
358.2970276	3.4965249261091E-5
358.4650421	3.49223273274757E-5
358.6200714	3.49193231382781E-5
358.7842102	3.49086189876389E-5
358.9576721	3.48993970505507E-5
359.1249542	3.49032849134579E-5
359.2865753	3.49153983418839E-5
359.4526825	3.48718972769895E-5
359.61586	3.4913303903846E-5
359.7818451	3.48203935816323E-5
359.9484558	3.48525791001083E-5
360.12179565	3.48483093533349E-5
360.28756715	3.47957864799822E-5
360.4458008	3.48153273313786E-5
360.61392215	3.4829776474818E-5
360.7904053	3.47839443744041E-5
360.95521545	3.47731781248695E-5
361.11276245	3.47857035892291E-5
361.28118895	3.47691393022978E-5
361.44543455	3.47007819588048E-5
361.60707095	3.47575107537676E-5
361.77313235	3.47404257970249E-5
361.938385	3.46698933073886E-5
362.1050415	3.46780674588498E-5
362.27243045	3.47003840259898E-5
362.4377594	3.46884823320935E-5
362.6069641	3.46847551480367E-5
362.78437805	3.46691945236169E-5
362.95103455	3.46781424558127E-5
363.1100159	3.46692758720179E-5
363.27832035	3.46542879578278E-5
363.4441376	3.45835619525521E-5
363.61309815	3.4624367240445E-5
363.78334045	3.45849334567128E-5
363.94169615	3.45946128630193E-5
364.1047516	3.45591179144928E-5
364.2830353	3.45927724118005E-5
364.44714355	3.46059507824257E-5
364.60321045	3.45967990036331E-5
364.7732239	3.45859258362079E-5
364.93948365	3.45292839277672E-5
365.1037445	3.45348875427341E-5
365.2739258	3.45175084717839E-5
365.43711855	3.45108276528311E-5
365.60165405	3.45132466255515E-5
365.77270505	3.44763178771278E-5
365.9391632	3.45000646476808E-5
366.1018219	3.44766410929259E-5
366.2645874	3.44673480390457E-5
366.43260195	3.44406914104501E-5
366.6007843	3.44248778787465E-5
366.77178955	3.44193006225005E-5
368.5892029	3.43007203916712E-5
368.64953615	3.42755304946616E-5
368.7804718	3.42872886634198E-5
368.94865415	3.43152129959726E-5
369.1171417	3.42725657628595E-5
369.28070065	3.42273120700619E-5
369.43940735	3.42241036486558E-5
369.6116333	3.4213259755803E-5
369.78414915	3.42357560238221E-5
369.94026185	3.42630804845904E-5
370.0966034	3.42258918877061E-5
370.26927185	3.41769892658202E-5
370.44244385	3.4177056841744E-5
370.61102295	3.42096456218787E-5
370.7852478	3.41496712637688E-5
370.9518585	3.41495333005322E-5
371.11656185	3.41336562457177E-5
371.28129575	3.41380764159043E-5
371.4430847	3.41417304815315E-5
371.61631775	3.40924243304632E-5
371.7814331	3.41557069982077E-5
371.9448547	3.40956419171916E-5
372.1164398	3.40758826139188E-5
372.28149415	3.40775830431416E-5
372.44197085	3.40122189338369E-5
372.6078949	3.40348685503078E-5
372.77670285	3.40749725765581E-5
372.94055175	3.40082912670034E-5
373.1064911	3.40461838937503E-5
373.27807615	3.40080061086505E-5
373.44403075	3.39981740901232E-5
373.6108246	3.40642025977118E-5
373.7747803	3.40064561729361E-5
373.93573	3.39583754015789E-5
374.1085663	3.39576930905246E-5
374.2785187	3.39442046748564E-5
374.4441986	3.39466986613166E-5
374.61167905	3.39559930428672E-5
374.77934265	3.39740815394042E-5
374.94226075	3.3913217360206E-5
375.1040802	3.39133686077415E-5
375.2728424	3.38927838445402E-5
375.4418335	3.38752183483866E-5
375.6033783	3.38279136544249E-5
375.7694702	3.38288190906154E-5
375.9383087	3.38166187381421E-5
376.10339355	3.38237217757769E-5
376.27046205	3.37704724507697E-5
376.43737795	3.38189586550054E-5
376.6080017	3.37794385297973E-5
376.78108215	3.3805075187903E-5
376.9389954	3.37586075556374E-5
377.10769655	3.37836517465182E-5
377.27485655	3.37106055713168E-5
377.42744445	3.3728551703529E-5
379.2140808	3.36508525148536E-5
379.28460695	3.36075708691372E-5
379.4395447	3.36247934967744E-5
379.60539245	3.36086445086325E-5
379.7703705	3.35648287481758E-5
379.93859865	3.35432391541642E-5
380.0997467	3.35624747074863E-5
380.25379945	3.36160676959385E-5
380.42233275	3.35730517713597E-5
380.59934995	3.35839230009369E-5
380.76745605	3.35507180828374E-5
380.92974855	3.35087070199301E-5
381.09744265	3.35170201474989E-5
381.26486205	3.34929399958021E-5
381.42396545	3.35221852455599E-5
381.59384155	3.34745969409654E-5
381.77308655	3.34651559785084E-5
381.9394226	3.34773725017107E-5
382.10472105	3.34480133146744E-5
382.27401735	3.34735816829895E-5
382.44114685	3.34241429287508E-5
382.6003723	3.34206067206575E-5
382.76498415	3.33921125670536E-5
382.93223575	3.34222278494249E-5
383.093338	3.33961261586531E-5
383.26271055	3.33713748965614E-5
383.4289398	3.3358278718074E-5
383.59506225	3.33433410805087E-5
383.7625885	3.33580987235064E-5
383.9305267	3.33726923492703E-5
384.08654785	3.33499959480727E-5
384.2471619	3.32977626250473E-5
384.4269562	3.33336057530844E-5
384.59677125	3.32923081387741E-5
384.76405335	3.32852034455081E-5
384.92752075	3.32910693280619E-5
385.0912628	3.32426011981612E-5
385.2616577	3.32759450564424E-5
385.4233246	3.32709006779199E-5
385.58976745	3.32237408302418E-5
385.75692745	3.32773883071476E-5
385.92344665	3.32159157477093E-5
386.09339905	3.32293987373705E-5
386.26377865	3.31941772518476E-5
386.4307861	3.31602467944898E-5
386.5971222	3.31518281833234E-5
386.7543335	3.31828323067001E-5
386.920578	3.31519890920433E-5
387.1034088	3.30894105974382E-5
387.27111815	3.30914551067309E-5
387.4365845	3.31226510729131E-5
387.58815005	3.31697243864685E-5
387.75128175	3.31118303033666E-5
387.9333954	3.30632599065366E-5
388.0888214	3.30936505684509E-5
389.8980408	3.29587697322634E-5
389.9607239	3.29645516337426E-5
390.1026459	3.29761140622737E-5
390.2643433	3.29437618330256E-5
390.4302216	3.28666343092699E-5
390.5869141	3.29236095938806E-5
390.75006105	3.29143405741199E-5
390.9144745	3.29239507813654E-5
391.074173	3.28946663090152E-5
391.25039675	3.28356934454523E-5
391.4277344	3.2841004677563E-5
391.5904999	3.28781176789781E-5
391.75457765	3.28168122938418E-5
391.9178009	3.28535908838009E-5
392.09091185	3.28666688500746E-5
392.26916505	3.28552455528465E-5
392.43193055	3.27988520742595E-5
392.5982208	3.28472562504279E-5
392.7528839	3.28057628558339E-5
392.9143982	3.2802007186622E-5
393.08084105	3.27641790636556E-5
393.24679565	3.27342834146074E-5
393.4175415	3.27379262387458E-5
393.5814209	3.27594195158027E-5
393.74765015	3.27386264715049E-5
393.91674805	3.26655950271567E-5
394.0878601	3.26977374037E-5
394.2507629	3.26757069493271E-5
394.41978455	3.26724277591823E-5
394.6040192	3.2708551191634E-5
394.7850647	3.26584742552768E-5
394.94709775	3.26564443934921E-5
395.1169891	3.26473500769049E-5
395.30795285	3.26216765826692E-5
395.49494935	3.26277504660568E-5
395.65869145	3.26433289474054E-5
395.83088685	3.25731993697649E-5
396.01351925	3.25712529648635E-5
396.17503355	3.25508862016995E-5
396.33003235	3.25665756286989E-5
396.4747467	3.25388346740167E-5
396.60606385	3.25364669193718E-5
396.72976685	3.25451497954166E-5
396.8464203	3.25110246427159E-5
396.96432495	3.25117277810836E-5
397.07672115	3.24835126637947E-5
397.17292785	3.24794947116893E-5
397.2709351	3.24182292452114E-5
397.3711548	3.24503968729117E-5
397.4641113	3.24739197444259E-5
397.5527191	3.24510478257521E-5
397.64012145	3.24350897202995E-5
397.7303772	3.24574713926875E-5
397.8135376	3.239874726345E-5
397.89227295	3.24693930822533E-5
397.9740143	3.24305633384216E-5
398.05186465	3.24034255021788E-5
398.1258545	3.23891774201393E-5
398.19773865	3.23805672431088E-5
398.27075195	3.23899599632491E-5
398.34158325	3.23563289031929E-5
398.403183	3.24078032991564E-5
398.46110535	3.23578554535491E-5
398.52401735	3.23901005821205E-5
398.58514405	3.23654979727761E-5
398.6461487	3.23638988573676E-5
398.70562745	3.23381480534956E-5
398.75868225	3.23820522002055E-5
399.0667267	3.23018812806488E-5
399.07115175	3.23169862781653E-5
399.0763855	3.23092258908037E-5
399.08728025	3.22961104270103E-5
399.1004944	3.23162571537538E-5
399.1143494	3.23161440946059E-5
399.128891	3.22983495983965E-5
399.14512635	3.23026673826486E-5
399.1608429	3.23099206225995E-5
399.17678835	3.23282819671598E-5
399.19064335	3.23071674585861E-5
399.2043915	3.22844912938745E-5
399.21954345	3.23034208490647E-5
399.2332611	3.22928808676696E-5
399.24586485	3.23218575340062E-5
399.25842285	3.22838032506686E-5
399.2723694	3.22962800581357E-5
399.2855377	3.23046099540677E-5
399.2989349	3.22729986890218E-5
399.31503295	3.23178017769588E-5
399.3323212	3.23314380454979E-5
399.35192875	3.22645800974369E-5
399.3722229	3.22796816733472E-5
399.39297485	3.22552977893831E-5
399.41590885	3.22374922720314E-5
399.43968205	3.22552803828164E-5
399.46369935	3.23055234145436E-5
399.48672485	3.23162100444419E-5
399.50927735	3.22858771510249E-5
399.5303192	3.22631830455846E-5
399.55314635	3.22644581707055E-5
399.57522585	3.22943305552698E-5
399.5940247	3.22734752813806E-5
399.6144867	3.22996477812821E-5
399.6333618	3.23146376975456E-5
399.64959715	3.22837599028133E-5
399.66532895	3.22603117521693E-5
399.68045045	3.22334215992135E-5
399.6959076	3.22607523847492E-5
399.7118988	3.2290427345127E-5
399.7279053	3.22730120665062E-5
399.74206545	3.22782262717981E-5
399.75775145	3.22464328289729E-5
399.7723541	3.22627071512753E-5
399.78440855	3.22455943369435E-5
399.79833985	3.22517572526918E-5
399.8119965	3.22372742256368E-5
399.8235779	3.22401026850673E-5
399.83607485	3.22571625014217E-5
399.84603885	3.2206699392085E-5
399.8538971	3.22273157210347E-5
399.8662567	3.22622269835363E-5
399.8788147	3.22336404587276E-5
399.8884888	3.22225559138765E-5

