
26.03306005	6.1276989644153E-5
26.1973791	6.11378428184652E-5
26.3640747	6.09774401081897E-5
26.5321293	6.08328622723155E-5
26.70266155	6.06505507405139E-5
26.86379055	6.0548558408791E-5
27.0173359	6.0375972924061E-5
27.17767905	6.02342180293663E-5
27.3425865	6.01039205493876E-5
27.5130968	5.9979654166944E-5
27.68166445	5.98146351290224E-5
27.8432207	5.97038757628803E-5
28.0088129	5.95583732158217E-5
28.17320725	5.93755828328941E-5
28.3366432	5.92952778645231E-5
28.5050173	5.91259587873203E-5
28.66282845	5.8986051880833E-5
28.823554	5.884867400309E-5
28.9874973	5.87272878184326E-5
29.1506405	5.85897941482404E-5
29.32191185	5.84806876146773E-5
29.48887825	5.8299671470149E-5
29.6550741	5.81884833899853E-5
29.8258009	5.80474033707735E-5
29.9869938	5.79063901901014E-5
30.14690495	5.77756096806822E-5
30.30849075	5.76577079815183E-5
30.46908665	5.754000121073E-5
30.63214495	5.73835959351962E-5
32.3774452	5.61616236593779E-5
32.4565067	5.60371423335E-5
32.6182537	5.59051994505542E-5
32.78426935	5.5774785920992E-5
32.94781685	5.56761030659996E-5
33.1086712	5.55730970900055E-5
33.26908305	5.54534698716776E-5
33.43343545	5.53223748748727E-5
33.60106275	5.52152853109793E-5
33.76097485	5.51221565593579E-5
33.9181385	5.49992763145172E-5
34.07951735	5.48859108877057E-5
34.24539565	5.47644708907557E-5
34.4119034	5.46585179217978E-5
34.57105255	5.45752330109171E-5
34.731451	5.44299101192456E-5
34.89489935	5.43326069654667E-5
35.064085	5.42075064050889E-5
35.2271671	5.40913575469602E-5
35.3881931	5.39838770908098E-5
35.558321	5.3886243786604E-5
35.7218094	5.37579177041236E-5
35.87732315	5.36563274742864E-5
36.0401211	5.35575580561825E-5
36.2125397	5.34584290511396E-5
36.37612535	5.33479539578573E-5
36.5380268	5.32601254696813E-5
36.70150375	5.3141889158716E-5
36.8657627	5.30226412739705E-5
37.02696415	5.29333755879474E-5
37.1880703	5.28239623074499E-5
37.35006905	5.27230485019032E-5
37.51364325	5.26338173552887E-5
37.68074035	5.25314526991195E-5
37.8381939	5.24408689597789E-5
37.99281695	5.22989211689702E-5
38.15587425	5.2217511912835E-5
38.32585525	5.2144071546326E-5
38.4853268	5.20111509355123E-5
38.64880945	5.19006995813641E-5
38.82141115	5.18306989240239E-5
38.9832325	5.17338483290885E-5
39.1434841	5.16191833487778E-5
39.3057537	5.15183017125272E-5
39.46819115	5.14106091189154E-5
39.6328392	5.13132462356164E-5
39.7956867	5.12247892932184E-5
39.94880865	5.11430921811954E-5
40.1079311	5.10860422426439E-5
40.27576065	5.09839856579088E-5
40.43960385	5.09086684054872E-5
40.60403065	5.07847347522751E-5
40.76316455	5.06967653511815E-5
40.92315485	5.06217822683496E-5
41.08390235	5.04994250134608E-5
41.2467289	5.03934479847278E-5
42.9150238	4.9530807860721E-5
43.00932505	4.94686713203417E-5
43.1763287	4.9385452896375E-5
43.3374119	4.93475455834222E-5
43.5085068	4.92322926453106E-5
43.6611481	4.91740860786047E-5
43.80111505	4.90752596337345E-5
43.9629402	4.89895052464126E-5
44.1392765	4.89035985368269E-5
44.29104425	4.88006520734474E-5
44.4486675	4.87224311966893E-5
44.61884495	4.86570430495179E-5
44.77478215	4.85680073330509E-5
44.9339218	4.85225617560303E-5
45.0945797	4.84326053245622E-5
45.25328255	4.83412055212277E-5
45.41713145	4.82531148944427E-5
45.5674267	4.8173190338794E-5
45.72701455	4.81123539466663E-5
45.8983059	4.80325832576021E-5
46.0581436	4.79426663689021E-5
46.21518705	4.78695948108319E-5
46.36666295	4.78213510977234E-5
46.5274105	4.76931210170559E-5
46.6789856	4.76572868058888E-5
46.8309345	4.75803712356898E-5
46.99853705	4.75146729292198E-5
47.1595421	4.74074873725579E-5
47.3168259	4.73676215179217E-5
47.47154045	4.72698344332126E-5
47.63068385	4.7223744358848E-5
47.77835655	4.71475347502139E-5
47.92660905	4.70569233094132E-5
48.0821228	4.69925192443439E-5
48.23124505	4.69205066882117E-5
48.39055445	4.68592185788061E-5
48.55399895	4.68034039484927E-5
48.7147331	4.67186904898467E-5
48.8802242	4.66659289137942E-5
49.03599355	4.65791456666987E-5
49.18348505	4.65358349706943E-5
49.33994105	4.64538420625158E-5
49.50006105	4.63808890650857E-5
49.65864375	4.63065625276088E-5
49.80654145	4.6227001272474E-5
49.9633751	4.61653595795517E-5
50.1177578	4.61276279639947E-5
50.27462765	4.60437194472621E-5
50.43738745	4.59696936678068E-5
50.5835514	4.58982876560343E-5
50.73836135	4.58575775586103E-5
50.8970871	4.57822099131416E-5
51.0511837	4.57203050435613E-5
51.20806505	4.56035447355875E-5
51.37809755	4.5567754007099E-5
51.5357361	4.55156935668412E-5
51.67897225	4.5452266150937E-5
51.84691045	4.53967461415921E-5
53.53090665	4.47173910292416E-5
53.61250495	4.46685906958107E-5
53.7549038	4.46239455340753E-5
53.91833875	4.45576509528477E-5
54.0799503	4.44783069593617E-5
54.2357082	4.44208570299297E-5
54.40907285	4.43513655681908E-5
54.57536315	4.42837900462281E-5
54.72611045	4.42095029605947E-5
54.8872528	4.41407863127132E-5
55.05742455	4.40877780309446E-5
55.2233105	4.40077187068472E-5
55.37576295	4.39380367482239E-5
55.5369911	4.38873577649555E-5
55.69546125	4.38440607529911E-5
55.85266685	4.37651552236431E-5
56.01638415	4.37239908569359E-5
56.17598345	4.36334297474676E-5
56.3429966	4.36047188088019E-5
56.5018234	4.35438180099944E-5
56.65449905	4.34921154852571E-5
56.81637575	4.33818509758938E-5
56.98659325	4.33451220946524E-5
57.15797235	4.32711370836523E-5
57.3160286	4.32226124840606E-5
57.4660816	4.31408349594703E-5
57.625576	4.3101153103384E-5
57.79001235	4.30478958594757E-5
57.95365905	4.29846897572985E-5
58.1089134	4.28959802576186E-5
58.27350235	4.28572416731311E-5
58.43992425	4.27863133334717E-5
58.59705545	4.27372510985216E-5
58.7687302	4.26711640050882E-5
58.92905425	4.26149117524215E-5
59.0848732	4.25480691756762E-5
59.24974825	4.25001924911271E-5
59.4096565	4.24130266485539E-5
59.5761566	4.23834471480582E-5
59.73386955	4.23408404978986E-5
59.8868179	4.22859032956254E-5
60.0594196	4.2202703644005E-5
60.2302265	4.21533950765753E-5
60.39198685	4.20951087072326E-5
60.54969215	4.20199977982146E-5
60.711153	4.19743067985293E-5
60.87683675	4.19479560448413E-5
61.0357647	4.1875677429094E-5
61.19511225	4.1801049177839E-5
61.3560009	4.17650113334276E-5
61.50868605	4.16808917068496E-5
61.67292975	4.16437283496515E-5
61.83421515	4.15675819996375E-5
61.9885254	4.15494503901681E-5
62.1565514	4.14796992440923E-5
62.3237324	4.14268751514635E-5
62.4852276	4.13814056075979E-5
64.19393155	4.08495711344568E-5
64.27085875	4.07813603057E-5
64.4146042	4.07669046217742E-5
64.58046345	4.06827724832837E-5
64.74287415	4.06511264867618E-5
64.9019203	4.06032066205871E-5
65.06172945	4.05599204841511E-5
65.2216721	4.04823117013383E-5
65.37944035	4.04587899393854E-5
65.53891375	4.04146207486594E-5
65.7015877	4.03723892342411E-5
65.86854555	4.03180739456108E-5
66.02605055	4.02560637208896E-5
66.1803703	4.02201976888367E-5
66.35121915	4.01485374938133E-5
66.5184822	4.00996203610341E-5
66.6673851	4.0063888759505E-5
66.82514955	4.00107953104874E-5
66.991745	3.99441935237636E-5
67.15353775	3.99053242104747E-5
67.31508635	3.98926413593593E-5
67.4720726	3.9817104295055E-5
67.63474655	3.97717952250288E-5
67.8001251	3.97245456470291E-5
67.96484755	3.96670640087183E-5
68.12410735	3.96341912431153E-5
68.28011705	3.95735082057075E-5
68.445755	3.94938874436737E-5
68.6127319	3.95088170735802E-5
68.77968595	3.94501937398929E-5
68.94343565	3.94011467058968E-5
69.09643935	3.93531122594151E-5
69.25917435	3.92844980157189E-5
69.42193605	3.9291809521181E-5
69.57371525	3.92389149874168E-5
69.7355843	3.91685424256325E-5
69.90356445	3.91504277864765E-5
70.06987	3.90892012517679E-5
70.2314148	3.90184651573548E-5
70.38903425	3.90043547552891E-5
70.5578842	3.89640215068851E-5
70.71967695	3.8910860829388E-5
70.87418365	3.88322405743108E-5
71.03113175	3.88042200629016E-5
71.1906624	3.87794918021914E-5
71.35809325	3.87085946445346E-5
71.51966095	3.86901355155306E-5
71.6808205	3.86375852431032E-5
71.84143065	3.86174333514676E-5
72.002552	3.85392579364808E-5
72.16923905	3.84933649225393E-5
72.3352585	3.84751306984611E-5
72.49350355	3.84202895624873E-5
72.65423965	3.83864695674568E-5
72.81573105	3.83447720993386E-5
72.9792862	3.82993127644274E-5
73.1489487	3.82815297317422E-5
74.8218536	3.79029569273818E-5
74.8570404	3.78745402743387E-5
74.95225145	3.78079164482289E-5
75.094265	3.77553938197726E-5
75.2597504	3.77269233674329E-5
75.4267998	3.76948257805121E-5
75.57993315	3.76435073972179E-5
75.73704145	3.75975436830125E-5
75.9035454	3.75623832585879E-5
76.06352235	3.75200587541276E-5
76.22657775	3.74996904529062E-5
76.39071275	3.74702897043274E-5
76.55550385	3.74461028262434E-5
76.7221832	3.73599452814761E-5
76.8795433	3.73464856164657E-5
77.0361557	3.72846164083147E-5
77.2035484	3.72564234301302E-5
77.3590889	3.72073036003625E-5
77.52227405	3.71780428604177E-5
77.68740085	3.71309977090025E-5
77.840992	3.71120298802571E-5
78.0082245	3.70903291507581E-5
78.1737671	3.70487919945449E-5
78.3357315	3.69891515043163E-5
78.49459075	3.69629226633663E-5
78.6526718	3.69073884693208E-5
78.81732555	3.68840215863552E-5
78.98192215	3.68648931285309E-5
79.1466408	3.67961766349003E-5
79.30631255	3.67659651928737E-5
79.46796035	3.67434441853246E-5
79.63668825	3.67003787324579E-5
79.7976799	3.6665575044803E-5
79.9597015	3.66258394348835E-5
80.12584305	3.65929649178319E-5
80.286335	3.65527592841548E-5
80.44787595	3.65061147951334E-5
80.60712815	3.64608257580953E-5
80.77445985	3.6449214076448E-5
80.93512345	3.64087275322103E-5
81.0918236	3.63772259644556E-5
81.25839995	3.63414505658015E-5
81.4194717	3.62840949883267E-5
81.57373045	3.62790264562951E-5
81.7385521	3.62202166782567E-5
81.9058838	3.61908796691268E-5
82.06941985	3.61635062997564E-5
82.2290382	3.61193946028354E-5
82.39027785	3.6111205309686E-5
82.5593529	3.60637567929043E-5
82.72233585	3.60406312623332E-5
82.8883057	3.59618734604563E-5
83.0437546	3.59373229472998E-5
83.20352175	3.59230365945982E-5
83.37155155	3.58558810194541E-5
83.5324059	3.5831586345973E-5
83.69508745	3.58019173963506E-5
85.4329758	3.54643108554133E-5
85.50514225	3.54515379179242E-5
85.65215685	3.54108406525795E-5
85.81276705	3.53568640401453E-5
85.97973255	3.53513386040441E-5
86.13853835	3.53078286624833E-5
86.2945976	3.52761771317158E-5
86.4609604	3.52534573885251E-5
86.6249695	3.52203903338503E-5
86.7887993	3.51616335467305E-5
86.95320895	3.51364171601554E-5
87.11637115	3.5092722805491E-5
87.28103635	3.5062786383956E-5
87.44415285	3.50341372063474E-5
87.60952	3.5000923316322E-5
87.7740021	3.49820770400415E-5
87.9367981	3.49489860062054E-5
88.0986824	3.49158157912584E-5
88.2621002	3.48917042745111E-5
88.41042705	3.48625046846584E-5
88.57466885	3.48324829644504E-5
88.7376175	3.47819532036764E-5
88.8983803	3.4764056614742E-5
89.07699585	3.46947678937073E-5
89.24385835	3.46773440978578E-5
89.40005495	3.46648296846588E-5
89.5612068	3.4633781924509E-5
89.71963115	3.45792240042987E-5
89.88011165	3.45748850276276E-5
90.049633	3.45360387109735E-5
90.21003725	3.44956913736056E-5
90.376545	3.44970281305117E-5
90.5442467	3.44689876211015E-5
90.70669175	3.44184454155004E-5
90.86901095	3.44113646894203E-5
91.0176506	3.43552162129672E-5
91.18038555	3.43089305254797E-5
91.3468399	3.42818623822275E-5
91.5091896	3.42750376919661E-5
91.6792793	3.4227842479915E-5
91.8410759	3.41719535893842E-5
92.01067355	3.41776560023856E-5
92.16645815	3.41414988656429E-5
92.3229103	3.40891589598744E-5
92.4843559	3.40787110427091E-5
92.64202115	3.40353274538773E-5
92.81983565	3.40157861795722E-5
92.99478915	3.40024943921024E-5
93.14289475	3.39454195146068E-5
93.30599595	3.39322079495569E-5
93.47117615	3.38881689250658E-5
93.6215019	3.38645882671552E-5
93.7968979	3.38535277465249E-5
93.96636965	3.38115903326049E-5
94.1252823	3.37517803238683E-5
94.2947159	3.37416205792623E-5
95.9985352	3.34278673637767E-5
96.0787392	3.34539812930976E-5
96.244957	3.34351305544591E-5
96.4199486	3.34015307050784E-5
96.57789995	3.33573615512965E-5
96.7340813	3.33337472638571E-5
96.89740755	3.32799181813285E-5
97.0559616	3.32642925547491E-5
97.2333145	3.32327589139393E-5
97.4089546	3.32412564945664E-5
97.56848525	3.32103443881411E-5
97.7195854	3.31603947521814E-5
97.88335415	3.3124722653568E-5
98.0590515	3.31164231046121E-5
98.2285118	3.3088467421717E-5
98.3923187	3.30698041529749E-5
98.54195405	3.30690609599511E-5
98.70061495	3.30012028246414E-5
98.8639984	3.29622608198534E-5
99.02721405	3.29248069977926E-5
99.2028885	3.29041450059279E-5
99.3721733	3.28891077829773E-5
99.5280571	3.28457268899834E-5
99.6845665	3.28294596392832E-5
99.8563728	3.28173159754933E-5
100.03043745	3.27785801429121E-5
100.19156645	3.27628872835404E-5
100.3560524	3.27328989281617E-5
100.5287056	3.27242853057951E-5
100.69371795	3.26716453373267E-5
100.8481026	3.2633635736989E-5
101.0115242	3.26281876542821E-5
101.1888046	3.2592445411139E-5
101.3571701	3.25655985222027E-5
101.5198822	3.25439059554327E-5
101.6817894	3.25400737610672E-5
101.8456688	3.2488738309675E-5
102.00566485	3.24834067163694E-5
102.16225055	3.24344606917561E-5
102.33015445	3.24361740526439E-5
102.49621205	3.23840036903465E-5
102.6695366	3.23560596317771E-5
102.83645245	3.23533330221486E-5
102.9931488	3.23435084044177E-5
103.1660271	3.22785413094274E-5
103.34254455	3.22475374284025E-5
103.5018768	3.22263598736152E-5
103.66657635	3.22256150897217E-5
103.8402748	3.21732459242368E-5
104.00558475	3.21865945205121E-5
104.1699448	3.21312621584202E-5
104.32672885	3.2125064731306E-5
104.4855652	3.20861000041216E-5
104.64970015	3.20567850757629E-5
104.81737515	3.20292396547156E-5
106.609108	3.17781257958566E-5
106.67113495	3.17554942190606E-5
106.81714245	3.17281697517434E-5
106.9836502	3.17003282980061E-5
107.1513863	3.16741512689575E-5
107.32021335	3.16656850068295E-5
107.48765945	3.16629304403342E-5
107.65722655	3.1612292153685E-5
107.82346345	3.15947277692177E-5
107.98735045	3.15429380461925E-5
108.14814755	3.15428738868042E-5
108.3214798	3.15259256591855E-5
108.49918365	3.14566552235107E-5
108.6545715	3.14433595967714E-5
108.8115158	3.14163687076565E-5
108.9821167	3.1413785476241E-5
109.14632415	3.14011184793197E-5
109.3048668	3.13840844040128E-5
109.47265625	3.13560264362256E-5
109.6423988	3.13135578034329E-5
109.8147621	3.13040060045847E-5
109.97847365	3.12684173953135E-5
110.136734	3.12459184534967E-5
110.3007355	3.12272142836072E-5
110.46489335	3.12222687996597E-5
110.6300354	3.11802126008141E-5
110.79813385	3.11548366172525E-5
110.96875765	3.11477635703145E-5
111.1356659	3.1125920068593E-5
111.3005867	3.10811913363327E-5
111.46496585	3.10559227824319E-5
111.6399269	3.10458469681347E-5
111.8075943	3.10156575748843E-5
111.9662018	3.10101998084899E-5
112.13316725	3.09664678610549E-5
112.3047447	3.0970107711577E-5
112.46870805	3.09096323480279E-5
112.62664415	3.08909492627787E-5
112.79751585	3.08801843167834E-5
112.96126175	3.0867969136301E-5
113.12392425	3.08576879313478E-5
113.2948036	3.07985653091426E-5
113.46699145	3.07845440163619E-5
113.6301003	3.07795038384287E-5
113.7875481	3.07798085920668E-5
113.95435335	3.07332851759859E-5
114.12252425	3.0689931176871E-5
114.2907028	3.06688597876341E-5
114.4575882	3.06502970957055E-5
114.62241365	3.06101904940292E-5
114.78640365	3.06226057395357E-5
114.9507713	3.05810597975406E-5
115.11461255	3.0560146656822E-5
115.28056335	3.05120361268537E-5
115.44499205	3.05005093754897E-5
117.1850891	3.03320584534355E-5
117.21629715	3.02807512913098E-5
117.3066063	3.02832811121977E-5
117.4522438	3.02614169366001E-5
117.62216565	3.02317493416043E-5
117.78293225	3.01966197620495E-5
117.95539855	3.01990791150429E-5
118.13264845	3.01619048612864E-5
118.29424285	3.01447886349116E-5
118.4540024	3.01425232268716E-5
118.6129036	3.01190427025609E-5
118.78754425	3.00720495108731E-5
118.95804595	3.00666136896862E-5
119.11177445	3.00258335368976E-5
119.27847675	3.0049169995987E-5
119.449646	3.00065758158114E-5
119.61237715	2.99676271343772E-5
119.77867125	2.99752968534547E-5
119.94805525	2.99240247518021E-5
120.1136589	2.99146362873723E-5
120.2807007	2.99085584331467E-5
120.4446068	2.98748649685885E-5
120.60873415	2.98567818104273E-5
120.7784653	2.98405689941611E-5
120.944397	2.97862823539818E-5
121.1100464	2.97723862652909E-5
121.28139115	2.97826057418137E-5
121.44592285	2.97520928538211E-5
121.604908	2.97017976316227E-5
121.77041245	2.97050847484728E-5
121.9407158	2.96646260415248E-5
122.107605	2.97045123344488E-5
122.2755165	2.96616385244169E-5
122.4437027	2.95956031711984E-5
122.60886765	2.96223781880851E-5
122.77378465	2.9601239869714E-5
122.9437294	2.95691867349665E-5
123.11526105	2.9547412348699E-5
123.28277585	2.95375554998904E-5
123.4456558	2.95059120102525E-5
123.60126115	2.94466167296876E-5
123.7723236	2.94741928561769E-5
123.950798	2.94418833348418E-5
124.10980985	2.94261393965777E-5
124.26463315	2.93929263623538E-5
124.43320465	2.93811451635877E-5
124.60632705	2.93622986844275E-5
124.768013	2.93326823420918E-5
124.9321175	2.9321710404333E-5
125.10112385	2.92987597429155E-5
125.2672501	2.92748525962439E-5
125.4357109	2.92446749913453E-5
125.60381695	2.92561203286904E-5
125.7629509	2.92265184437942E-5
125.92913055	2.92218767810968E-5
126.10202025	2.91727975722569E-5
127.890976	2.89879823674327E-5
127.95336155	2.89726746483363E-5
128.1031647	2.89594238784067E-5
128.27127075	2.89304599055122E-5
128.43748475	2.89248413599537E-5
128.60600285	2.89102606591118E-5
128.7666092	2.88789326837815E-5
128.9355011	2.88912661134317E-5
129.10660555	2.88806160034956E-5
129.26979065	2.88225177945873E-5
129.42819975	2.88049786691387E-5
129.59540555	2.87879240534147E-5
129.771965	2.87967399658096E-5
129.9351196	2.87477289671969E-5
130.100914	2.87335207326656E-5
130.27331545	2.87208266786465E-5
130.438385	2.86823289943103E-5
130.5878143	2.86733277508252E-5
130.7543411	2.86316499997017E-5
130.93735505	2.86317526735668E-5
131.10382845	2.86254325194813E-5
131.2657547	2.85905041031429E-5
131.4366989	2.85832298174106E-5
131.59915925	2.85736157592947E-5
131.7634888	2.85595404104054E-5
131.93235015	2.85483494205386E-5
132.09779355	2.8519647212452E-5
132.2748642	2.85183477035913E-5
132.4363861	2.85048952385578E-5
132.5991821	2.8472036176602E-5
132.7719879	2.84548127447743E-5
132.9376526	2.8415014970534E-5
133.10379795	2.84190830400264E-5
133.26934055	2.84189795679863E-5
133.4368973	2.83676654163041E-5
133.59516145	2.83657111102242E-5
133.7444382	2.83745332454635E-5
133.9240036	2.83178640664876E-5
134.103569	2.83085052855454E-5
134.2623291	2.82808000647722E-5
134.42725375	2.82810645430916E-5
134.5990677	2.82536013902611E-5
134.7760086	2.82422317065056E-5
134.94705965	2.82458003140015E-5
135.1140137	2.82194283999034E-5
135.2796402	2.82112950444491E-5
135.4463806	2.81684948591482E-5
135.60630035	2.81556695132974E-5
135.7754898	2.8150900046877E-5
135.937706	2.81102559722436E-5
136.1031723	2.80687124209628E-5
136.28301235	2.80860348394302E-5
136.4490814	2.80416509509403E-5
136.61042785	2.80749720931406E-5
136.7759018	2.80348327475211E-5
138.5579834	2.78737168120451E-5
138.63090515	2.77824491719362E-5
138.7908478	2.78102642163783E-5
138.9547577	2.77715697079194E-5
139.12252805	2.78122957485339E-5
139.29774475	2.77791706176326E-5
139.4508438	2.77445652818616E-5
139.613945	2.77673824060472E-5
139.78330995	2.77520785398318E-5
139.9546814	2.76771039394836E-5
140.1352005	2.76936438636493E-5
140.287117	2.76701973554768E-5
140.4432602	2.7665989731401E-5
140.6220932	2.76457684601405E-5
140.795372	2.76143717935771E-5
140.96208955	2.7606344767165E-5
141.12163545	2.75836430856825E-5
141.286911	2.75914698165195E-5
141.45954895	2.7592361319302E-5
141.618042	2.75441270269496E-5
141.78775785	2.75223522224002E-5
141.97308345	2.75301153922674E-5
142.12957	2.74931979820455E-5
142.2824402	2.74530716169189E-5
142.46604155	2.74450552462805E-5
142.63679505	2.74642634694437E-5
142.8026352	2.74212408143204E-5
142.97493745	2.73902533981165E-5
143.1403656	2.73683083488296E-5
143.31132505	2.73711330864256E-5
143.46928405	2.73764076985754E-5
143.63565825	2.73593635952943E-5
143.80287935	2.73217933632031E-5
143.95993805	2.73211104647216E-5
144.1386871	2.73123329188598E-5
144.31261445	2.72916901967215E-5
144.4754715	2.72571578311781E-5
144.64191435	2.72704970355627E-5
144.8068161	2.72179277219858E-5
144.97099305	2.71916794939555E-5
145.13048555	2.72039753763315E-5
145.29393005	2.71682816469309E-5
145.4730072	2.71786809325369E-5
145.648613	2.71674401292521E-5
145.812912	2.71699093688535E-5
145.9778366	2.71108617640711E-5
146.151062	2.71351479620351E-5
146.309021	2.71021948377576E-5
146.46605685	2.70737956498662E-5
146.6352692	2.70647828098916E-5
146.8029404	2.70748371209928E-5
146.9687729	2.70643110429741E-5
147.13653565	2.70382580807969E-5
147.31232455	2.70210301750923E-5
149.0495453	2.68641255122488E-5
149.13692475	2.68577877391455E-5
149.30082705	2.68383418688371E-5
149.46807865	2.68410695493058E-5
149.6339188	2.68315446217203E-5
149.7904816	2.67691942777392E-5
149.9577484	2.67940695377119E-5
150.1311111	2.67711169566917E-5
150.3015518	2.67715819040737E-5
150.46743775	2.67274324908511E-5
150.63118745	2.67500848370134E-5
150.794899	2.67501455161957E-5
150.9617462	2.66796514158365E-5
151.12052915	2.67164709259954E-5
151.2820511	2.67155052298489E-5
151.4475174	2.66823015913255E-5
151.61138915	2.66431745471816E-5
151.78354645	2.66484430003432E-5
151.94712065	2.6629119098433E-5
152.11761475	2.66112615604188E-5
152.28515625	2.66047798682554E-5
152.44618985	2.65876695097612E-5
152.6232147	2.65895270238942E-5
152.79109955	2.6544017647694E-5
152.9459839	2.65200890710597E-5
153.10881805	2.65534985159693E-5
153.2823944	2.65212233021859E-5
153.44259645	2.65173995793871E-5
153.6113434	2.6511334365251E-5
153.77988435	2.64536247375551E-5
153.93722535	2.6457185803248E-5
154.1042862	2.64915197767112E-5
154.27505495	2.64433265661316E-5
154.4430542	2.64430359600047E-5
154.6058197	2.63800266938316E-5
154.7740326	2.64142615318563E-5
154.93792725	2.63936797200213E-5
155.0995636	2.63816221121733E-5
155.2712555	2.63778215379841E-5
155.4339371	2.63414202300275E-5
155.5910187	2.63370539992996E-5
155.7575836	2.63060096909837E-5
155.92781065	2.63057083685702E-5
156.09687805	2.63101528980014E-5
156.26942445	2.62608862305052E-5
156.4413834	2.62564359582662E-5
156.5961838	2.62774863122024E-5
156.75104525	2.62678611105428E-5
156.917305	2.6208328973773E-5
157.0888519	2.62324440663049E-5
157.26165005	2.62186569769222E-5
157.43279265	2.62208809708428E-5
157.5928955	2.61725959467869E-5
157.7576599	2.61496825882278E-5
157.92344665	2.6161597159298E-5
159.7071228	2.5977168688269E-5
159.7728348	2.60132652589566E-5
159.91876985	2.59901454871263E-5
160.0836334	2.59545701805749E-5
160.2495041	2.59720577697586E-5
160.41897585	2.59296610466365E-5
160.5805359	2.59212986503692E-5
160.73936465	2.59058859109188E-5
160.9100418	2.59064010922584E-5
161.0803375	2.58589700230125E-5
161.24372865	2.58745316940184E-5
161.4088211	2.5883036587715E-5
161.5777893	2.58654575037745E-5
161.73680115	2.58362998271611E-5
161.89982605	2.58510243163991E-5
162.07029725	2.58176661827722E-5
162.23664855	2.57709553759959E-5
162.39590455	2.57885885934152E-5
162.5563965	2.5786457597811E-5
162.7286148	2.57557808847104E-5
162.8988037	2.57671825779731E-5
163.06726835	2.5732354212339E-5
163.23685455	2.57114949160249E-5
163.4058304	2.56999463272957E-5
163.5658264	2.56861679590203E-5
163.72738645	2.57081663785348E-5
163.89310455	2.56705918447685E-5
164.0589218	2.56619794167278E-5
164.23062895	2.56808910056599E-5
164.3965149	2.56625237353877E-5
164.5648804	2.56655085963386E-5
164.7266083	2.56336996218384E-5
164.8873596	2.56148375902009E-5
165.0619278	2.56099711302666E-5
165.23088075	2.55808046155389E-5
165.3955536	2.55634908113293E-5
165.56369785	2.55356677491924E-5
165.72815705	2.55410875490735E-5
165.8907852	2.55352318102937E-5
166.06221005	2.55313103966244E-5
166.23460385	2.54786945726363E-5
166.39582825	2.55173423987099E-5
166.5619049	2.54995878432193E-5
166.7276001	2.54591464061147E-5
166.88980105	2.54670878773152E-5
167.0608902	2.54174570614063E-5
167.2250595	2.5457307034754E-5
167.38734435	2.54374386641348E-5
167.558342	2.54194531912914E-5
167.71904755	2.54146199849407E-5
167.8830185	2.53825259535052E-5
168.0574112	2.5393502875214E-5
168.22064205	2.53539353381785E-5
168.38262935	2.54057206431696E-5
168.5499725	2.54123634398106E-5
170.3025208	2.52511800707705E-5
170.3859482	2.52678582035924E-5
170.5555954	2.52589383323827E-5
170.7201462	2.52357161618537E-5
170.87879945	2.52364844386852E-5
171.0486145	2.52126544138482E-5
171.2187958	2.52014347581579E-5
171.3821106	2.51817551156815E-5
171.5460739	2.51982607156585E-5
171.7124176	2.51884259341669E-5
171.8794403	2.51593013380589E-5
172.0462265	2.51300420255131E-5
172.21756745	2.51027531410729E-5
172.3774414	2.51328352475997E-5
172.54133605	2.51108729169224E-5
172.7099533	2.51132999118959E-5
172.86748505	2.51090328625341E-5
173.0372696	2.5088537142505E-5
173.21157835	2.5052371065627E-5
173.3787384	2.50545211318371E-5
173.54367065	2.50235542905425E-5
173.7051239	2.5054130553082E-5
173.8694687	2.50214708111753E-5
174.04157255	2.49800366442384E-5
174.21084595	2.50039769335923E-5
174.3742371	2.49809068360298E-5
174.5400925	2.49673934656497E-5
174.70656585	2.49571082767298E-5
174.86417385	2.49311933358831E-5
175.02877805	2.49675303885769E-5
175.2038803	2.49271915314675E-5
175.3678818	2.49097594796343E-5
175.53498845	2.49118373445187E-5
175.70899965	2.49190672339938E-5
175.8747482	2.48769646326561E-5
176.03749845	2.48723939528747E-5
176.2034073	2.48745560495882E-5
176.36058045	2.48519102230952E-5
176.5236435	2.48443888853237E-5
176.69446565	2.48556249930473E-5
176.8645706	2.48100238603813E-5
177.03617855	2.4806934188791E-5
177.2060623	2.48207973522785E-5
177.3711319	2.48156531934857E-5
177.5381317	2.47750470284547E-5
177.70670315	2.48012601560993E-5
177.85733795	2.47414314093053E-5
178.0242081	2.47712499269496E-5
178.20224	2.47535099478886E-5
178.36618805	2.47057761257185E-5
178.52643585	2.47073124566715E-5
178.6898651	2.47174007920857E-5
178.8605194	2.47105305171065E-5
179.03180695	2.469431455181E-5
179.18933105	2.47008301763871E-5
180.9547882	2.45722050383385E-5
181.03551485	2.45385962931671E-5
181.19428255	2.45376367872334E-5
181.3564911	2.4547892423845E-5
181.52637485	2.4549500964636E-5
181.69599915	2.45480657540503E-5
181.86014555	2.44962374708414E-5
182.021019	2.45135997070253E-5
182.19148255	2.4504384155823E-5
182.3579254	2.44471367119996E-5
182.51888275	2.44697609508215E-5
182.6731949	2.44578939493479E-5
182.8328934	2.44573328704659E-5
183.0017395	2.44415375859197E-5
183.1771469	2.44433978760306E-5
183.3514862	2.44509961522365E-5
183.50603485	2.44002143764539E-5
183.66760255	2.44261607421204E-5
183.84804535	2.43666073706295E-5
184.0252075	2.43542671754569E-5
184.17907715	2.43626887540037E-5
184.3364487	2.43513144799895E-5
184.4956131	2.43606827462249E-5
184.6603317	2.43583306343415E-5
184.8363876	2.43535785545393E-5
185.0053558	2.43210531848319E-5
185.16353605	2.43100385453105E-5
185.32392885	2.42907188020759E-5
185.49224855	2.4327258705897E-5
185.6660919	2.42749701533065E-5
185.8401184	2.42747988246583E-5
186.00294495	2.42719600985027E-5
186.1652832	2.42640588175948E-5
186.333519	2.4243601420021E-5
186.49323275	2.42575444929064E-5
186.66197205	2.42275697329202E-5
186.82990265	2.41705444291788E-5
186.9831085	2.4199734863695E-5
187.15047455	2.42045684780061E-5
187.3191147	2.4167880473138E-5
187.49375915	2.42099636332852E-5
187.6577835	2.41359354685151E-5
187.81663515	2.41441449848563E-5
187.9944153	2.41616922410268E-5
188.15567015	2.41600991685123E-5
188.3196716	2.41264755769394E-5
188.49641415	2.41008771724486E-5
188.6664734	2.40934644863367E-5
188.83029175	2.40896284047786E-5
188.9903488	2.40875977615688E-5
189.1613083	2.40801145759326E-5
189.3298111	2.40685581759702E-5
189.48963165	2.40700110595789E-5
189.6480484	2.40144303860467E-5
189.8156891	2.40126634159569E-5
191.5636749	2.39230742756931E-5
191.6552963	2.39041238700341E-5
191.8204651	2.3915008193028E-5
191.98630525	2.39343126259502E-5
192.1512756	2.3926915446831E-5
192.31955715	2.39177797830358E-5
192.483345	2.38497892850255E-5
192.64755245	2.38785348540947E-5
192.8156509	2.38897907391899E-5
192.9711151	2.38407603945986E-5
193.13809205	2.38794890549841E-5
193.30384825	2.38614524108752E-5
193.48050685	2.383462524371E-5
193.6577301	2.38212824785588E-5
193.81403355	2.38304801756972E-5
193.9717789	2.38100549293654E-5
194.14164735	2.37558023132343E-5
194.302742	2.37812300097852E-5
194.4630356	2.37743552806882E-5
194.63165285	2.37671647640176E-5
194.80599975	2.37830115463126E-5
194.9717407	2.375510952666E-5
195.13288875	2.37279462452502E-5
195.2980728	2.37434543071306E-5
195.46271515	2.37517600938008E-5
195.630043	2.37302761793838E-5
195.807373	2.36974641748345E-5
195.98433685	2.36793618160913E-5
196.13678745	2.36781241153489E-5
196.2954407	2.36863119979745E-5
196.471756	2.36584220411919E-5
196.6371689	2.36701861516728E-5
196.80521395	2.36814053752256E-5
196.9791031	2.35975923456881E-5
197.14019775	2.3645121631325E-5
197.29466245	2.36438161549927E-5
197.45950315	2.35779191873552E-5
197.6374054	2.35967695631806E-5
197.8070755	2.35846061577922E-5
197.96949765	2.3577515747429E-5
198.12799835	2.35895584638508E-5
198.29568485	2.35828655459211E-5
198.46884155	2.35328428091644E-5
198.6354141	2.35519290018946E-5
198.79802705	2.3529930561112E-5
198.9586487	2.35224052169405E-5
199.12340545	2.35203866210447E-5
199.29862975	2.35152402654141E-5
199.4648895	2.34756895457614E-5
199.61894985	2.34808499427189E-5
199.78568265	2.34581788542977E-5
199.9569626	2.34693407950825E-5
200.1308823	2.34452876302425E-5
200.3026886	2.34219270705111E-5
200.4610214	2.34292699044765E-5
202.2055054	2.33480521881584E-5
202.29021455	2.33223966851103E-5
202.4579315	2.32667140197494E-5
202.6229019	2.33060557958033E-5
202.7874527	2.33058355262908E-5
202.95892335	2.33054141436821E-5
203.1316452	2.33055197262817E-5
203.2883911	2.32937007864195E-5
203.45013425	2.32618894492606E-5
203.6233749	2.3230945314787E-5
203.7895279	2.32641921528991E-5
203.95349125	2.32211778994659E-5
204.1178055	2.32422850679063E-5
204.2839203	2.32375323897418E-5
204.44815825	2.32114316136886E-5
204.61357875	2.31745461466655E-5
204.7794113	2.31719857873419E-5
204.94495395	2.32069834654718E-5
205.11220555	2.31630563092749E-5
205.28164675	2.32045005713884E-5
205.4482422	2.31476846993078E-5
205.6104126	2.31498670747403E-5
205.77160645	2.3135636709276E-5
205.9421997	2.31358206132178E-5
206.11953735	2.31095310017426E-5
206.28161625	2.31030583600956E-5
206.44132235	2.31194986311896E-5
206.61545565	2.31052332223329E-5
206.7842255	2.30999903313645E-5
206.9438858	2.30469027918817E-5
207.1120224	2.30753881891772E-5
207.2789307	2.30707726515046E-5
207.4481125	2.3037213559325E-5
207.6137314	2.30314887273693E-5
207.7757874	2.30309835397122E-5
207.94065095	2.30336017480033E-5
208.1096649	2.29915367389004E-5
208.27957915	2.29840825676322E-5
208.44348905	2.30132970976215E-5
208.60908505	2.29800640000262E-5
208.78124235	2.29520480117938E-5
208.9497757	2.29533284201043E-5
209.10891725	2.29090746607956E-5
209.2754288	2.29229654330763E-5
209.4421921	2.29245542877942E-5
209.60918425	2.29328800148269E-5
209.7835083	2.28970729087011E-5
209.94213105	2.28711533836269E-5
210.0977478	2.28505330571977E-5
210.26766205	2.28624049647532E-5
210.4348297	2.28578723640211E-5
210.6122894	2.29121668777644E-5
210.7842178	2.28601137649777E-5
210.9433899	2.2824752651195E-5
211.1089554	2.28467204439977E-5
212.8743286	2.27426676706395E-5
212.95671845	2.26992712892465E-5
213.12248995	2.27195623720439E-5
213.28448485	2.27222120838033E-5
213.44411465	2.26728325679612E-5
213.6113205	2.26694835309597E-5
213.78257755	2.26942994499852E-5
213.9504776	2.26945921777084E-5
214.11826325	2.26519438434981E-5
214.2784119	2.26618545070872E-5
214.4431	2.2582185336707E-5
214.615448	2.26543667640445E-5
214.77807615	2.2605231970388E-5
214.9438553	2.26144107176594E-5
215.1165619	2.26314422544288E-5
215.2769699	2.25751910751326E-5
215.44223025	2.26404124383705E-5
215.6088715	2.25660993378491E-5
215.7701874	2.25384981422563E-5
215.9444504	2.25606553928818E-5
216.1159897	2.25814553324273E-5
216.2838669	2.254738821093E-5
216.45600895	2.25261053350091E-5
216.62472535	2.25119999749964E-5
216.78154755	2.24925911562544E-5
216.9493332	2.25351333687362E-5
217.12631225	2.2486323928345E-5
217.2847519	2.24875711671229E-5
217.4458847	2.2467811580117E-5
217.6175766	2.24629572402621E-5
217.7839508	2.24744286017307E-5
217.9524002	2.24472412058234E-5
218.1125183	2.24237929279939E-5
218.27807615	2.24232218052422E-5
218.45442965	2.24220730821366E-5
218.62162785	2.24432823126111E-5
218.78564455	2.23909089228694E-5
218.9533844	2.2398841195748E-5
219.11972045	2.23948701285006E-5
219.27999875	2.23674585542511E-5
219.44506835	2.2351963533853E-5
219.6170273	2.23579964841392E-5
219.78605655	2.23393486284444E-5
219.947464	2.2364299056056E-5
220.1162338	2.23630937139472E-5
220.2928772	2.23380214159398E-5
220.4653702	2.23301452508612E-5
220.62512205	2.22992373274948E-5
220.78594205	2.23238849474086E-5
220.96002195	2.22990600059142E-5
221.12725065	2.22497305079808E-5
221.2927475	2.22967322210338E-5
221.46650695	2.23037597987175E-5
221.63352965	2.22497349251814E-5
221.79769135	2.22658300503932E-5
223.563385	2.21876277283431E-5
223.6432724	2.21763781192652E-5
223.8074875	2.21476339679274E-5
223.9751587	2.21654572701007E-5
224.1391754	2.2135256917981E-5
224.30213165	2.21245080379774E-5
224.4588623	2.2077289501758E-5
224.63137815	2.21169479112322E-5
224.80026245	2.21143051223044E-5
224.96819305	2.21140792112049E-5
225.15101625	2.20991519450382E-5
225.3122101	2.20448551970998E-5
225.4689636	2.20682124253897E-5
225.6391983	2.20767348690812E-5
225.81555175	2.2057035269015E-5
225.9820404	2.20195669466E-5
226.14711765	2.20116201452512E-5
226.31694035	2.19971942103187E-5
226.4761963	2.20291469926514E-5
226.6409912	2.19955346556279E-5
226.8028488	2.19720038280509E-5
226.964035	2.19787620271572E-5
227.14151	2.20074619890727E-5
227.29891205	2.19478649829883E-5
227.469223	2.19268564524273E-5
227.63633725	2.1932128011826E-5
227.79660795	2.19247198141958E-5
227.9755325	2.19051215318183E-5
228.1457443	2.19513907229385E-5
228.31354525	2.19344219947313E-5
228.48049165	2.18896409617829E-5
228.64996335	2.1904099722289E-5
228.80480955	2.18571509679289E-5
228.9694519	2.19038899931096E-5
229.1466217	2.18808847869641E-5
229.3029251	2.18788618803754E-5
229.46097565	2.18638405195143E-5
229.62765505	2.18577250903229E-5
229.79649355	2.18232715883645E-5
229.9689026	2.18520466780364E-5
230.13414765	2.18101169746419E-5
230.29906465	2.18040046091871E-5
230.453949	2.18089315089927E-5
230.60961155	2.17888510290295E-5
230.77969365	2.17761729819625E-5
230.94991305	2.17881635474645E-5
231.1192398	2.17967431500223E-5
231.2895355	2.17593006014854E-5
231.4521179	2.17424082551497E-5
231.603569	2.17173594869954E-5
231.7722015	2.17082441956564E-5
231.93629455	2.17248591366948E-5
232.1032257	2.16882088089606E-5
232.2805328	2.16624189273908E-5
232.44969175	2.17049769186662E-5
234.2233582	2.16364801209955E-5
234.2863541	2.16166327842795E-5
234.43540195	2.16086961883735E-5
234.61280825	2.16040102063292E-5
234.7859268	2.15993159506571E-5
234.9413986	2.16005287015618E-5
235.1008377	2.15913702667753E-5
235.26680755	2.15547300419193E-5
235.43505095	2.15335739931683E-5
235.6045761	2.15325072008091E-5
235.77687075	2.1561322038725E-5
235.95076755	2.1471878414998E-5
236.10862735	2.1532902525102E-5
236.27793125	2.14848053461465E-5
236.45393375	2.14979810617482E-5
236.62137605	2.15151516168089E-5
236.77989195	2.14931668827487E-5
236.9420929	2.14957001185247E-5
237.107132	2.14668055588084E-5
237.2748642	2.14676837060846E-5
237.44250485	2.14498169037121E-5
237.6049423	2.14543968864883E-5
237.7755356	2.14268725634717E-5
237.9406662	2.1429424667643E-5
238.10997005	2.14230258968057E-5
238.28425595	2.14017556163898E-5
238.4530487	2.1392531606397E-5
238.6087494	2.14020749636996E-5
238.7781906	2.13975205319925E-5
238.95947265	2.13884176760364E-5
239.12693025	2.13397061341148E-5
239.28196715	2.13576748750563E-5
239.439682	2.13365322532409E-5
239.61460115	2.13492241464478E-5
239.7920227	2.13731171435305E-5
239.95742795	2.13413613864742E-5
240.11190795	2.13122965932891E-5
240.2798462	2.13141261593302E-5
240.4443741	2.13157116350079E-5
240.6154709	2.12784638336655E-5
240.78473665	2.12885940029673E-5
240.9387131	2.13313689755234E-5
241.1032944	2.12703263370335E-5
241.27235415	2.12864214322139E-5
241.43551635	2.12650788874385E-5
241.59844205	2.12610685352231E-5
241.7669296	2.1261484149574E-5
241.93746185	2.12391426910486E-5
242.1106186	2.12163181984535E-5
242.27153015	2.12361387000015E-5
242.4271469	2.12037780629561E-5
242.5892639	2.12228801647821E-5
242.75935365	2.12161759975466E-5
242.9309311	2.11747363850431E-5
243.10206605	2.11916149847778E-5
244.8598328	2.10803641708026E-5
244.9188538	2.11088383233374E-5
245.058815	2.11138645433571E-5
245.2162628	2.10810301715528E-5
245.3739853	2.11110780698448E-5
245.5408249	2.10393368998538E-5
245.6993103	2.10714001922036E-5
245.8550415	2.10667602909441E-5
246.0251694	2.10487782517787E-5
246.1889954	2.10128453078625E-5
246.34799195	2.10125291222163E-5
246.51283265	2.10005212295889E-5
246.68341065	2.10153103268537E-5
246.8467178	2.10093009074661E-5
247.00243375	2.09687427228606E-5
247.1771927	2.09920050629756E-5
247.34436035	2.09947143770394E-5
247.4969101	2.09832381675391E-5
247.6629639	2.09752630384665E-5
247.82849885	2.09761657180778E-5
247.9980011	2.09247872554748E-5
248.16604615	2.09600309485442E-5
248.32698825	2.09376933395403E-5
248.4868317	2.09388232634961E-5
248.64717105	2.09282577582368E-5
248.81141665	2.09637974990349E-5
248.97607425	2.09190912226697E-5
249.13990025	2.0877150859858E-5
249.30109405	2.09175396924483E-5
249.4632263	2.08835371713458E-5
249.62911225	2.08949513831312E-5
249.80472565	2.08888792496969E-5
249.96868895	2.08806741229497E-5
250.12156675	2.08514987273508E-5
250.28491975	2.08615730589454E-5
250.45435335	2.08926300828704E-5
250.62126925	2.08610606894927E-5
250.78740695	2.08578378694643E-5
250.9473114	2.08206996615274E-5
251.10498045	2.08262017595362E-5
251.26979825	2.08558558011037E-5
251.43282315	2.08128437062086E-5
251.5983276	2.08324813887444E-5
251.76055905	2.07576174597051E-5
251.925354	2.08103708212998E-5
252.10007475	2.07598335664797E-5
252.2598724	2.07693030828658E-5
252.4164581	2.08173070114202E-5
252.58078	2.08137285718706E-5
252.74694825	2.07696230057268E-5
252.91440585	2.07719798133474E-5
253.0779724	2.08055361574135E-5
253.24155425	2.07691347392204E-5
253.40413665	2.07277486465457E-5
253.57286835	2.07453447715874E-5
253.733017	2.07152307234133E-5
255.4663849	2.06423717135669E-5
255.52879335	2.05974822813779E-5
255.67996215	2.06159048703565E-5
255.85430905	2.06220102660504E-5
256.0170517	2.06083789834131E-5
256.18740845	2.05612710722886E-5
256.3605957	2.06219026183214E-5
256.5256195	2.05491593461627E-5
256.6990051	2.05722018507229E-5
256.8716278	2.05560407308058E-5
257.04034425	2.05493793354587E-5
257.2058258	2.0548654992317E-5
257.37779235	2.05595707790862E-5
257.55300905	2.05995770131603E-5
257.72166445	2.05692920824989E-5
257.889267	2.05392954905144E-5
258.05978395	2.05699190982122E-5
258.2374115	2.05687954215462E-5
258.41238405	2.05341375036801E-5
258.57429505	2.05090736045154E-5
258.73724365	2.05465798052565E-5
258.90960695	2.0521161360453E-5
259.0885773	2.05209248309248E-5
259.25657655	2.04831001258727E-5
259.4165497	2.04780848689131E-5
259.5806122	2.04526744699748E-5
259.74497985	2.05166329894255E-5
259.91792295	2.04726815283913E-5
260.0861816	2.04656527630154E-5
260.2447052	2.04597624261734E-5
260.409668	2.04512204475686E-5
260.5745392	2.04297792776562E-5
260.73477175	2.0467966891809E-5
260.89631655	2.04539576151796E-5
261.05993655	2.04398607341829E-5
261.22921755	2.03785347623428E-5
261.3988037	2.04250254821799E-5
261.56274415	2.04162349150753E-5
261.72499085	2.04171247640619E-5
261.8995056	2.04089181041503E-5
262.0742035	2.03435347560973E-5
262.2437134	2.04071969259006E-5
262.41448975	2.03986351395811E-5
262.5851593	2.03640410303245E-5
262.76368715	2.03319522551027E-5
262.9416046	2.03226716319174E-5
263.1120758	2.0351307140501E-5
263.2797699	2.03244213384952E-5
263.4477844	2.03189397144912E-5
263.6151886	2.02981303361654E-5
263.7781067	2.02977287457429E-5
263.94677735	2.03232048285957E-5
264.1214905	2.02799984356921E-5
264.28541565	2.02935118193335E-5
266.0549011	2.02172531868235E-5
266.13568115	2.02470942902267E-5
266.27926635	2.01735282574265E-5
266.4424591	2.01887410885264E-5
266.6038971	2.01679776170862E-5
266.7692413	2.01836313949188E-5
266.93772885	2.01754832312964E-5
267.10406495	2.01811850057681E-5
267.2598877	2.0148432045112E-5
267.42340085	2.0148299533904E-5
267.59487915	2.01573252434677E-5
267.7630463	2.01188258074779E-5
267.9242554	2.01619151607481E-5
268.08680725	2.01029894469217E-5
268.25	2.01379053947032E-5
268.4157257	2.01007507400064E-5
268.58187865	2.00824473291858E-5
268.73861695	2.00925684304547E-5
268.91070555	2.00764549467051E-5
269.0807037	2.00648257584883E-5
269.2462463	2.01134731153533E-5
269.4163055	2.00896483137923E-5
269.5831451	2.00953749447483E-5
269.7492828	2.00843482823393E-5
269.91555785	2.00797742212264E-5
270.083313	2.00433290267936E-5
270.2463074	2.00827501646161E-5
270.4063721	2.00227907643566E-5
270.57737735	2.0053940261817E-5
270.74621585	2.00262185749135E-5
270.90734865	2.00358817585245E-5
271.07369995	2.00353890861569E-5
271.2418823	2.00272274136667E-5
271.4016571	2.00196092931821E-5
271.5622101	1.9986554267074E-5
271.736084	1.99767168105147E-5
271.9093628	1.99857060416319E-5
272.077301	1.99613608974818E-5
272.2303314	1.99786890809739E-5
272.39401245	1.99968174905649E-5
272.56829835	1.99493160807839E-5
272.7359009	1.99722201003988E-5
272.9009552	1.99514786231311E-5
273.07185365	1.99324060127968E-5
273.2363739	1.99783836324413E-5
273.4011383	1.9949884444493E-5
273.5630646	1.99272700325501E-5
273.7282715	1.98834116050112E-5
273.9087677	1.99721416552321E-5
274.0763855	1.99304243538864E-5
274.2393036	1.98917765140825E-5
274.3896332	1.98678349319073E-5
274.55853275	1.98860256098538E-5
274.7272034	1.98594319932716E-5
274.89224245	1.98333761248196E-5
276.6806946	1.97966179953946E-5
276.74954225	1.98475135014587E-5
276.91215515	1.97876719810221E-5
277.08576965	1.97397210138171E-5
277.25538635	1.98032653859779E-5
277.4225006	1.98033689709817E-5
277.5856781	1.97789181373472E-5
277.7480774	1.97535130914666E-5
277.9083557	1.97707882838804E-5
278.07666015	1.97318108960736E-5
278.25331115	1.97253226505949E-5
278.41662595	1.97248787302055E-5
278.5776367	1.97039833304393E-5
278.74494935	1.97110454443278E-5
278.90968325	1.97281966508502E-5
279.0885773	1.97906992970067E-5
279.25361635	1.96977710470093E-5
279.41610715	1.96838550619255E-5
279.590271	1.97330321313161E-5
279.76220705	1.97224795255959E-5
279.93104555	1.96177642334842E-5
280.0965424	1.97247354097315E-5
280.263031	1.96971477368866E-5
280.4207153	1.96599770831959E-5
280.59207155	1.96834861780594E-5
280.77087405	1.96710916256868E-5
280.93389895	1.96886646117277E-5
281.10081485	1.96340647235111E-5
281.26119995	1.96414288119311E-5
281.4287567	1.96199705346818E-5
281.59342955	1.96440670086472E-5
281.75450135	1.96464914433882E-5
281.93267825	1.95644260488514E-5
282.09121705	1.96105264398592E-5
282.24520875	1.96516782893083E-5
282.41729735	1.96095110679834E-5
282.58628845	1.95841240861022E-5
282.75202945	1.95822169245345E-5
282.92181395	1.96042192363736E-5
283.09431455	1.95850272155115E-5
283.2588043	1.95210005155942E-5
283.42181395	1.96067902373807E-5
283.60147095	1.95452631673786E-5
283.76808165	1.95567278921834E-5
283.93096925	1.95642267495162E-5
284.10218815	1.9559258808966E-5
284.2605896	1.95244168457215E-5
284.4339447	1.95174194170018E-5
284.61299135	1.95154942474773E-5
284.7668457	1.95257601815462E-5
284.92526245	1.95098567987181E-5
285.0943756	1.95294045571187E-5
285.2583618	1.95144169731124E-5
285.4228821	1.95350380795505E-5
285.5882416	1.94944103733771E-5
287.3929138	1.94464392458895E-5
287.45866395	1.94128780480301E-5
287.6034241	1.94101282026295E-5
287.77713015	1.93819753911783E-5
287.94500735	1.94510845912221E-5
288.09977725	1.94072713295799E-5
288.2756958	1.94185121468703E-5
288.44013975	1.93953771945859E-5
288.59510805	1.93861333814669E-5
288.76272585	1.93732967991011E-5
288.9285431	1.93625310886745E-5
289.0984955	1.94107592582473E-5
289.27035525	1.94245653246725E-5
289.44026185	1.93515138985332E-5
289.61317445	1.92873130633903E-5
289.77513125	1.93133260360731E-5
289.9299774	1.93280318648284E-5
290.09443665	1.93306785805405E-5
290.2672272	1.93131120324052E-5
290.43182375	1.93057057197185E-5
290.5951691	1.92919460147447E-5
290.7647095	1.92945172990099E-5
290.92863465	1.93377010930508E-5
291.0948639	1.92953004137873E-5
291.2612305	1.93300753351634E-5
291.42631535	1.9272721796593E-5
291.594101	1.932062925447E-5
291.77206425	1.9297153532267E-5
291.9409943	1.92300351044022E-5
292.11065675	1.92714949573857E-5
292.2894287	1.92112647843884E-5
292.45877075	1.92601149351325E-5
292.62480165	1.91949092001904E-5
292.7793274	1.92513948349352E-5
292.93881225	1.92322281735158E-5
293.10842895	1.92125801085291E-5
293.2768097	1.92262874166439E-5
293.4422455	1.91937773162285E-5
293.61740115	1.92018701195839E-5
293.78442385	1.92103422666784E-5
293.9402771	1.91544510652915E-5
294.11120605	1.9171254386547E-5
294.2807312	1.9188828653701E-5
294.44599915	1.91783788997722E-5
294.61283875	1.92166334191491E-5
294.7859192	1.91812285893084E-5
294.95214845	1.91615562499737E-5
295.1099243	1.91884097546618E-5
295.277359	1.91591364531281E-5
295.448288	1.91400626151474E-5
295.62098695	1.91482407847041E-5
295.7839508	1.9129500499589E-5
295.941803	1.91058399149469E-5
296.11128235	1.91098043677443E-5
296.28482055	1.90622640691269E-5
298.0352173	1.90913355806704E-5
298.11592105	1.90143269163694E-5
298.27983095	1.90582182320304E-5
298.44854735	1.90655502381379E-5
298.62257385	1.9090260529903E-5
298.7893982	1.90312000640493E-5
298.94999695	1.90384738708597E-5
299.11431885	1.90122176500709E-5
299.28094485	1.90093695625726E-5
299.4459229	1.89283502664935E-5
299.60806275	1.89949953342503E-5
299.7772064	1.89938296221786E-5
299.94758605	1.90071117188647E-5
300.11961365	1.8988983918871E-5
300.28546145	1.89597242949519E-5
300.4503479	1.893479566906E-5
300.62464905	1.89816376367372E-5
300.7818146	1.89800252236022E-5
300.93655395	1.89313785541028E-5
301.10780335	1.89321353210737E-5
301.27468875	1.8915003073192E-5
301.4404297	1.89496099891574E-5
301.6088562	1.89116979017406E-5
301.7774811	1.89451694625803E-5
301.9453125	1.89431091642018E-5
302.10897825	1.89008830921978E-5
302.27641295	1.89499751344287E-5
302.44584655	1.88709172543809E-5
302.60655215	1.89086983021562E-5
302.7676239	1.88840611176453E-5
302.93621825	1.8814111662077E-5
303.1047211	1.89143892789001E-5
303.27424625	1.8828448202395E-5
303.4384003	1.88690688233364E-5
303.59599305	1.88431663342199E-5
303.7626953	1.88341413011138E-5
303.9348297	1.88339339993667E-5
304.1033325	1.88220606747463E-5
304.26844785	1.88125129536297E-5
304.4322357	1.87935609635628E-5
304.59942625	1.87884815583403E-5
304.76704405	1.8822331336262E-5
304.9365692	1.87975499511472E-5
305.10093685	1.88489035315114E-5
305.2649841	1.87945506061001E-5
305.4367218	1.87757144624923E-5
305.6106415	1.87114136010941E-5
305.7698517	1.88374404918633E-5
305.9290924	1.87540459092521E-5
306.098938	1.87253079899092E-5
306.2693024	1.8785558038196E-5
306.43293765	1.87301465922109E-5
306.59352115	1.87350401175293E-5
306.76338195	1.87211666173843E-5
306.9307861	1.87518077073982E-5
308.6772461	1.86490101067422E-5
308.75808715	1.86136597483818E-5
308.92721555	1.87188652294283E-5
309.0915985	1.86334834425245E-5
309.25253295	1.86165988763727E-5
309.4216156	1.8616568409404E-5
309.5809479	1.86503000070906E-5
309.744812	1.86129429947253E-5
309.9153137	1.86630539279845E-5
310.0796356	1.86227495494794E-5
310.24215695	1.86317539406603E-5
310.40953065	1.86111403892658E-5
310.57841495	1.85872850298741E-5
310.74357605	1.85847635251049E-5
310.909729	1.85827748201626E-5
311.07162475	1.855073841957E-5
311.22979735	1.85926167994708E-5
311.39753725	1.85539107609967E-5
311.56059265	1.85107417260856E-5
311.72438045	1.85557276274493E-5
311.9024658	1.85989926385308E-5
312.0751648	1.85015302933341E-5
312.2426605	1.8560274549346E-5
312.412796	1.85688484874045E-5
312.5823822	1.85449260614791E-5
312.74656675	1.85305242977726E-5
312.9124603	1.85354645641321E-5
313.07969665	1.84999613985471E-5
313.2413788	1.85381379513709E-5
313.39553835	1.8591178865978E-5
313.56045535	1.8487867071978E-5
313.7289734	1.85423896364027E-5
313.8971405	1.84849952400541E-5
314.0701599	1.84715501220873E-5
314.2345886	1.84682742095175E-5
314.39045715	1.84586644080851E-5
314.5514221	1.85135005726972E-5
314.71908565	1.84081750508417E-5
314.8889465	1.83960094310064E-5
315.0515289	1.84911497627176E-5
315.21697995	1.84325529090267E-5
315.3768463	1.84264138902948E-5
315.54014585	1.84499953848336E-5
315.7097168	1.84038430138854E-5
315.8785706	1.84052197377432E-5
316.04922485	1.83385528606572E-5
316.213562	1.83946321448773E-5
316.3838196	1.83874404227194E-5
316.5479126	1.83535480650336E-5
316.71124265	1.83207961973333E-5
316.8751831	1.835691963372E-5
317.0332489	1.83993312405404E-5
317.2003784	1.83604391924533E-5
317.3753357	1.83402706505321E-5
317.53541565	1.83587644061874E-5
319.3346558	1.82541418191126E-5
319.3922577	1.82772158792456E-5
319.531662	1.82891418411573E-5
319.68392945	1.82232212994324E-5
319.85116575	1.82335017838497E-5
320.02952575	1.82684355761154E-5
320.19226075	1.82306372786832E-5
320.3539429	1.82324578179699E-5
320.51979065	1.81962461814934E-5
320.68479915	1.82203814160525E-5
320.850769	1.82526685053058E-5
321.01379395	1.8210052168371E-5
321.1787262	1.81919312132931E-5
321.3435211	1.82004848793609E-5
321.5075836	1.81777727463536E-5
321.66470335	1.81730252038449E-5
321.8361969	1.8180825667903E-5
322.0141449	1.81675468905511E-5
322.1765442	1.82175222307871E-5
322.33296205	1.81407090179766E-5
322.48657225	1.81778687771787E-5
322.6627197	1.81336816654209E-5
322.8383789	1.81787018838597E-5
323.0035248	1.81399860675275E-5
323.1679535	1.81730910742731E-5
323.3222351	1.81292164764131E-5
323.49291995	1.81628400282846E-5
323.66191105	1.80857285514739E-5
323.8264618	1.81047146376822E-5
323.98968505	1.81334793017737E-5
324.1529236	1.8065634833275E-5
324.31707765	1.81134545876898E-5
324.4760742	1.81073306743279E-5
324.65945435	1.8093454041053E-5
324.8286896	1.81033076545852E-5
324.9882355	1.80846668603813E-5
325.1589203	1.809582911731E-5
325.31396485	1.80824629568417E-5
325.4776001	1.80471190130758E-5
325.6545105	1.80142368098426E-5
325.82330325	1.80522589061309E-5
325.98847965	1.80639181223571E-5
326.1576233	1.79875610464882E-5
326.3161926	1.80098667606721E-5
326.4838867	1.8030681711168E-5
326.6542206	1.79753850480632E-5
326.80545045	1.80061278466637E-5
326.96957395	1.80130303497866E-5
327.14834595	1.80128442893418E-5
327.31782535	1.80567302606941E-5
327.48051455	1.79903930241712E-5
327.65200805	1.80098725132917E-5
327.8098297	1.80104810605958E-5
327.968277	1.79688058124183E-5
328.1361847	1.79809069009186E-5
329.9577332	1.79116912686606E-5
330.0141602	1.79290047704933E-5
330.1479645	1.78805229632507E-5
330.30967715	1.78915508154674E-5
330.4748688	1.7885135233774E-5
330.63960265	1.78379768672697E-5
330.80574035	1.7898681997664E-5
330.9738159	1.79109014197991E-5
331.13874815	1.78872333514383E-5
331.3039093	1.78618934923028E-5
331.47776795	1.77862344573824E-5
331.64143375	1.78781114436581E-5
331.8044739	1.78559891968648E-5
331.97418215	1.78670325773762E-5
332.14665225	1.77969253919995E-5
332.30871585	1.78203791444735E-5
332.4683228	1.77869685355141E-5
332.6472321	1.7835265975103E-5
332.813797	1.78176900327637E-5
332.9717407	1.7837490324021E-5
333.13539125	1.78263487338127E-5
333.29730225	1.7759170747813E-5
333.463974	1.77728991764936E-5
333.6320801	1.77855352259904E-5
333.79971315	1.77625092687196E-5
333.96902465	1.77875596536443E-5
334.1395111	1.78002130771704E-5
334.30171205	1.77633558994519E-5
334.4597931	1.77089930703661E-5
334.63020325	1.77548673280689E-5
334.8059845	1.76838704092342E-5
334.9792023	1.771365962953E-5
335.1381226	1.77262385429745E-5
335.3063965	1.77251261197591E-5
335.48176575	1.77053914449707E-5
335.6356659	1.76995145609506E-5
335.80332945	1.76522388744902E-5
335.97315975	1.77771426958411E-5
336.13685605	1.76612267636787E-5
336.3038788	1.77330864620221E-5
336.47117615	1.76685730357461E-5
336.635025	1.76810951729159E-5
336.80433655	1.7658858065947E-5
336.9812622	1.76679651143735E-5
337.1468353	1.75884693902111E-5
337.30400085	1.76364623280325E-5
337.46322635	1.76514359956861E-5
337.6306763	1.76013033264538E-5
337.7964325	1.76025730917719E-5
337.96640015	1.76289610667111E-5
338.1377106	1.7626184140938E-5
338.30116275	1.7566268971425E-5
338.46691895	1.7608413106961E-5
338.63415525	1.75943885521598E-5
338.79866025	1.75611855599931E-5
340.5877075	1.75063271947073E-5
340.65763855	1.75458538021126E-5
340.80848695	1.75660995141387E-5
340.97206115	1.74908264976938E-5
341.13664245	1.75275639832257E-5
341.3084259	1.75173646932493E-5
341.4707794	1.74529610374454E-5
341.6304321	1.74607492261175E-5
341.79951475	1.75303757292884E-5
341.9628601	1.74612922735672E-5
342.1295624	1.74448154896542E-5
342.3035889	1.74772714274637E-5
342.4702301	1.74839260493172E-5
342.6333618	1.74844161477147E-5
342.79588315	1.74317526401608E-5
342.96209715	1.73775682280729E-5
343.14001465	1.74614838314683E-5
343.30711365	1.74037384673983E-5
343.46687315	1.74252685826945E-5
343.63204955	1.74151358968741E-5
343.79756165	1.74291909108327E-5
343.9649048	1.73406934084112E-5
344.14053345	1.74295308595339E-5
344.30503845	1.74546184717357E-5
344.4644623	1.73509526522223E-5
344.63516235	1.74131434701102E-5
344.80371095	1.7345460730108E-5
344.96356205	1.74001875138247E-5
345.12947085	1.7379791598986E-5
345.30340575	1.73202830597271E-5
345.46243285	1.73041593111541E-5
345.61824035	1.73414944442951E-5
345.7866211	1.7345017071163E-5
345.9574585	1.73067909135413E-5
346.1287384	1.73159445555375E-5
346.29670715	1.73316817236693E-5
346.4654541	1.73457847522791E-5
346.6359558	1.73039130167502E-5
346.7991333	1.7299186702476E-5
346.9588776	1.72510776304662E-5
347.12780765	1.73380938286899E-5
347.2995148	1.72816763801152E-5
347.4689484	1.72775950989144E-5
347.6380005	1.72531385310768E-5
347.8069458	1.72095259794156E-5
347.9705658	1.7208789141484E-5
348.12901305	1.72621758239474E-5
348.2932129	1.72320693943223E-5
348.45741275	1.72246054478524E-5
348.62684635	1.7199021836565E-5
348.80157475	1.7250188321795E-5
348.96081545	1.72375831502021E-5
349.1161804	1.72101308548408E-5
349.2872772	1.72320634645223E-5
349.4571228	1.72434350454123E-5
351.2546692	1.71965337256159E-5
351.32196045	1.71299648860488E-5
351.47335815	1.71396667021551E-5
351.64146425	1.71061311296018E-5
351.8097229	1.7172166638699E-5
351.9634399	1.71193658799197E-5
352.12271115	1.7153653983018E-5
352.29769895	1.71496166565476E-5
352.46380615	1.70376240069028E-5
352.6286011	1.70770074394295E-5
352.7923584	1.71358953891072E-5
352.95840455	1.70984333351171E-5
353.1252594	1.70912222653403E-5
353.29081725	1.70926544005898E-5
353.46229555	1.70902412745185E-5
353.62802125	1.70924046877235E-5
353.7933502	1.70435963659839E-5
353.9647827	1.70186328421138E-5
354.13676455	1.70470632041958E-5
354.3005524	1.70090431492063E-5
354.4628296	1.71375370593515E-5
354.6333618	1.69768353132564E-5
354.79595945	1.70452138721286E-5
354.95469665	1.69907239219975E-5
355.13046265	1.7041366922274E-5
355.3091278	1.7038493038765E-5
355.46261595	1.70214228302651E-5
355.61709595	1.70284865631891E-5
355.79270935	1.69765865595946E-5
355.96354675	1.69923460799974E-5
356.13565065	1.69643686335556E-5
356.30368045	1.69541793512614E-5
356.46769715	1.69351549390792E-5
356.6405487	1.6942593521094E-5
356.80741885	1.68989286370326E-5
356.9709473	1.69218298474864E-5
357.13201905	1.69158624770551E-5
357.29533385	1.69904401190974E-5
357.46931455	1.69191953297746E-5
357.6396942	1.69406750066033E-5
357.80412295	1.68972320766498E-5
357.96961975	1.69071693950882E-5
358.1292114	1.69458543397021E-5
358.29666135	1.68677565851781E-5
358.4618988	1.68981264804066E-5
358.6263733	1.69088926933344E-5
358.8030853	1.68356856863584E-5
358.97257995	1.69028527539808E-5
359.13824465	1.68563561533929E-5
359.30493165	1.68734645512076E-5
359.4685669	1.68470360290451E-5
359.62265015	1.68488046726645E-5
359.78363035	1.68453634392326E-5
359.95036315	1.68650640319169E-5
360.1100464	1.68218971882519E-5
361.9204712	1.68142420901451E-5
361.98342895	1.68045677859207E-5
362.12506105	1.67619096826756E-5
362.2874146	1.67850201814043E-5
362.45974735	1.68199546738051E-5
362.63124085	1.6781681013343E-5
362.79730225	1.68008918545353E-5
362.9485779	1.67285028597743E-5
363.1109772	1.67506483530651E-5
363.27453615	1.67184998404801E-5
363.4436798	1.67259187899672E-5
363.6300354	1.66807149838137E-5
363.7926483	1.67297400901993E-5
363.9556732	1.6692291604989E-5
364.11828615	1.6666903280886E-5
364.2753601	1.66986883289795E-5
364.4466095	1.67248196213258E-5
364.62002565	1.66600100974484E-5
364.78456115	1.66801161901956E-5
364.9517975	1.66256994341353E-5
365.12109375	1.66575130461675E-5
365.28926085	1.66445731665036E-5
365.4461975	1.66696243761256E-5
365.61027525	1.66123180651294E-5
365.7715759	1.66868947763762E-5
365.9354553	1.6653051605687E-5
366.11524965	1.66359849781974E-5
366.28276065	1.66327195334889E-5
366.45196535	1.66367106980679E-5
366.62190245	1.66263105087644E-5
366.77565	1.6606335927889E-5
366.9406433	1.66101686471646E-5
367.10879515	1.65953089137141E-5
367.2617798	1.66025084116653E-5
367.44119265	1.65804946113783E-5
367.62332155	1.65517139722243E-5
367.77391055	1.65318701160636E-5
367.92507935	1.65879283900123E-5
368.10554505	1.65293008274711E-5
368.278595	1.65257941275357E-5
368.4452362	1.66227415217181E-5
368.6089172	1.66097835897395E-5
368.76107785	1.65976898017133E-5
368.9246063	1.65482058362692E-5
369.0897064	1.64798732075329E-5
369.2685089	1.65018356548852E-5
369.4393158	1.65045477022259E-5
369.6078491	1.65341095618241E-5
369.78004455	1.65442686041864E-5
369.9316101	1.65254332220337E-5
370.099884	1.65036295709665E-5
370.2753906	1.65001389233063E-5
370.43136595	1.652675660204E-5
370.5910797	1.64579915849663E-5
370.75920105	1.64858077343642E-5
372.552124	1.63398918469744E-5
372.6352081	1.64330617904271E-5
372.78591915	1.64184209456419E-5
372.9364929	1.64721510506515E-5
373.10269165	1.6398881770891E-5
373.2700653	1.64214200260652E-5
373.4402313	1.63695556823421E-5
373.6066284	1.64284987612233E-5
373.77456665	1.63958509899702E-5
373.9352112	1.63643222353934E-5
374.09365845	1.63656395273813E-5
374.27003475	1.63561792256717E-5
374.4429321	1.63407669541041E-5
374.5986023	1.63415447551468E-5
374.7585602	1.6254843037206E-5
374.93548585	1.63478764274715E-5
375.1109619	1.63258295683237E-5
375.26889035	1.62979555541981E-5
375.4242401	1.63320609635512E-5
375.58924865	1.63301260303937E-5
375.75759885	1.63248465850396E-5
375.93115235	1.63234306983611E-5
376.0947571	1.63260497219449E-5
376.2559204	1.63193245820591E-5
376.42941285	1.6299848689222E-5
376.59254455	1.62696988626904E-5
376.7546997	1.62419589801183E-5
376.9326935	1.62958537318671E-5
377.1077118	1.62335926905746E-5
377.2619934	1.62789315367297E-5
377.41584775	1.62737747199888E-5
377.58439635	1.62975913295064E-5
377.7522583	1.62674012790325E-5
377.9180908	1.62333451516061E-5
378.0851593	1.62528016132592E-5
378.25779725	1.62415035463199E-5
378.42921445	1.62236747578046E-5
378.5898132	1.61905438574953E-5
378.7492523	1.61762348681507E-5
378.91688535	1.62322597865861E-5
379.0869598	1.62232869141252E-5
379.25364685	1.61993427612106E-5
379.42857365	1.61653640394572E-5
379.59629825	1.61562880887238E-5
379.7605286	1.61374088511401E-5
379.9262848	1.61972513805462E-5
380.088562	1.60958636868988E-5
380.2536316	1.61084744120842E-5
380.41645815	1.61966030850472E-5
380.5899811	1.61800152275642E-5
380.75657655	1.61861316312835E-5
380.91464235	1.61747137753465E-5
381.08273315	1.61150616377339E-5
381.25396725	1.61392638192981E-5
381.4234314	1.61087705208194E-5
383.2294006	1.60489632941327E-5
383.2926483	1.60601001762264E-5
383.4284668	1.60645544266282E-5
383.5946808	1.60288550620961E-5
383.75852965	1.60175837503412E-5
383.9304962	1.60740256410274E-5
384.09739685	1.60177702071836E-5
384.25527955	1.59989212329898E-5
384.41801455	1.6053149629184E-5
384.5879364	1.6007221130817E-5
384.76333615	1.59820197643561E-5
384.9280853	1.59905896985386E-5
385.08639525	1.59705945927496E-5
385.2537384	1.59924688171999E-5
385.4190216	1.5981230211373E-5
385.58691405	1.59471506730135E-5
385.76020815	1.59694054405563E-5
385.92697145	1.59426216554745E-5
386.08769225	1.59282613426875E-5
386.2538452	1.59096882554816E-5
386.43014525	1.59152209162546E-5
386.593338	1.59204756250116E-5
386.74993895	1.59355690175451E-5
386.9231262	1.59482270611771E-5
387.09750365	1.59359804572319E-5
387.25665285	1.59549620702045E-5
387.4148407	1.59659772895201E-5
387.584198	1.59427842296284E-5
387.7517395	1.59195195146453E-5
387.92056275	1.59401052445795E-5
388.09362795	1.59331919542265E-5
388.25753785	1.586180705369E-5
388.42633055	1.58413507078013E-5
388.59390255	1.58859703667649E-5
388.7519989	1.58462091156669E-5
388.92411805	1.59176085939339E-5
389.09313965	1.5847780690237E-5
389.25904845	1.581841854727E-5
389.425354	1.58322585570861E-5
389.58932495	1.5831819409745E-5
389.7568817	1.59188404820612E-5
389.9236145	1.58418961008603E-5
390.08654785	1.5808382575366E-5
390.25556945	1.58063921847985E-5
390.4243927	1.57530527950087E-5
390.59169005	1.57925872009706E-5
390.7621765	1.58578587402342E-5
390.9341278	1.5823781906875E-5
391.1048889	1.57489909028384E-5
391.2690277	1.57627081990283E-5
391.4276123	1.58377608683551E-5
391.5901642	1.57715479883326E-5
391.76531985	1.57377885215792E-5
391.9386902	1.5761602407742E-5
392.09843445	1.57134362284169E-5
394.02508545	1.57169450307217E-5
394.10751345	1.57184960502915E-5
394.26919555	1.56385867275115E-5
394.43785095	1.5717477322982E-5
394.60110475	1.56363505441409E-5
394.78204345	1.56545517901723E-5
394.95425415	1.5684373378088E-5
395.12365725	1.56459463573447E-5
395.30674745	1.56953034943536E-5
395.48216245	1.56084526471915E-5
395.65037535	1.56350222149231E-5
395.8223419	1.56822662306151E-5
395.9959564	1.56289451665343E-5
396.1575165	1.56459724813061E-5
396.3195801	1.56459025883264E-5
396.47680665	1.56542950170987E-5
396.6120453	1.55412255681997E-5
396.73812865	1.5594268636683E-5
396.86001585	1.55917230786356E-5
396.9696808	1.55944301030917E-5
397.06954955	1.55821064241001E-5
397.169754	1.55713141125942E-5
397.27049255	1.55571149368896E-5
397.3659668	1.55054338828767E-5
397.4547272	1.5577131591942E-5
397.5420685	1.54863629248179E-5
397.63197325	1.55709985184306E-5
397.71910095	1.55149122694447E-5
397.80345155	1.55975414193021E-5
397.8861389	1.55588417587467E-5
397.9665222	1.56198999436385E-5
398.04618835	1.55368575533029E-5
398.11857605	1.55146741341496E-5
398.19281005	1.54827204107986E-5
398.2653656	1.55424898817608E-5
398.33010865	1.55466226221225E-5
398.3963165	1.55761380857915E-5
398.4593658	1.55474141459333E-5
398.5209808	1.54420993410417E-5
398.5814514	1.55658549680385E-5
398.63893125	1.55858990961839E-5
398.6980743	1.54924413211463E-5
398.75396725	1.54762558290607E-5
398.80252075	1.54806416457142E-5
398.8493805	1.54998402323288E-5
398.8920593	1.55302820373349E-5
398.9278259	1.55237419666139E-5
398.9558716	1.54819641770264E-5
398.9783478	1.54650765169368E-5
398.99975585	1.54404987565885E-5
399.016098	1.5506999946318E-5
399.029953	1.54835252415841E-5
399.04423525	1.55041135668281E-5
399.0594635	1.55096647230465E-5
399.0742645	1.55101822786516E-5
399.08834835	1.54381161427405E-5
399.10238645	1.53888979327491E-5
399.1170807	1.54279933499415E-5
399.1328888	1.54415712795557E-5
399.14878845	1.54787116091723E-5
399.16523745	1.54323504745753E-5
399.18164065	1.53715856592781E-5
399.1980591	1.54450337520416E-5
399.21432495	1.5319937886282E-5
399.22891235	1.54047241154653E-5
399.24386595	1.54732829966212E-5
399.25834655	1.54655925325509E-5
399.2732239	1.54571606956723E-5
399.2873535	1.54293923712723E-5
399.3003082	1.53648220930642E-5
399.3172302	1.5444678383474E-5
399.3340759	1.54066869327705E-5
399.352005	1.54283049276298E-5
399.3732605	1.54484670543159E-5
399.3940277	1.54511264628207E-5
399.4166565	1.53748478275093E-5
399.4417572	1.54185311009946E-5
399.46609495	1.54364392832294E-5
399.490921	1.54014749815631E-5
399.516983	1.54330800895383E-5
399.54048155	1.54511403558302E-5
399.5622406	1.54698393642456E-5
399.5824127	1.54120128436769E-5
399.6010437	1.54978392386306E-5
399.6209717	1.54458863523187E-5
399.6395111	1.54148862799426E-5
399.65382385	1.54600569865531E-5
399.66760255	1.54597042601053E-5
399.68540955	1.54490442802184E-5
399.70092775	1.5472477010278E-5
399.71459965	1.54511342744555E-5
399.7302094	1.54818886737593E-5
399.7466431	1.54182804873974E-5
399.7632141	1.53885433841791E-5
399.77685545	1.54788966597213E-5
399.7912445	1.54416812811757E-5
399.80473325	1.54418999465566E-5
399.8172607	1.54503456006294E-5
399.8296356	1.54543557558873E-5
399.8394165	1.54504496982201E-5
399.8501129	1.54287260208276E-5
399.8616028	1.53977030152153E-5
399.8713074	1.54717069622913E-5
399.87991335	1.53992035938243E-5
399.8898163	1.53844222972693E-5
399.90000915	1.54044148025824E-5
