10.0078	35.12749	
10.03328	35.11623	
10.13418	35.03699	
10.32644	34.85645
10.54876	34.62717
10.73956	34.4148
10.88826	34.23664
11.03121	34.10429
11.19196	33.96067
11.35703	33.80877
11.53052	33.65016
11.69234	33.50235
11.84124	33.37037
12.01804	33.24264
12.19632	33.1067
12.3634	32.97428
12.53424	32.84407
12.69764	32.7312
12.86158	32.61404
13.02551	32.50104
13.19783	32.3943
13.36945	32.2815
13.52947	32.18704
13.69612	32.08736
13.86398	31.99487
14.02681	31.90333
14.18919	31.81161
14.35344	31.73294
14.5231	31.64765
14.67953	31.56049
14.84787	31.48448
15.0185	31.40892
15.17737	31.33646
15.33932	31.26806
15.50094	31.20523
15.65934	31.13098
15.79386	31.08079
15.92716	31.02864
16.08512	30.97754
16.28295	30.91919
16.49593	30.86098
16.68334	30.79481
16.85215	30.74575
17.01355	30.69602
17.15919	30.65306
17.30324	30.61228
17.46531	30.57294
17.63635	30.53344
17.80614	30.49966
17.96659	30.46537
18.10767	30.43362
18.27291	30.40543
18.45544	30.37746
18.6313	30.35358
18.80781	30.32337
18.97052	30.30804
19.13049	30.28871
19.28779	30.2698
19.46007	30.25526
19.62734	30.2407
19.78123	30.23425
19.94415	30.22076
21.56171	30.20558
21.61525	30.18078
21.75608	30.15326
21.92372	30.11821
22.08463	30.07678
22.2572	30.02595
22.42146	29.97149
22.58002	29.91861
22.74734	29.85343
22.90398	29.79673
23.07336	29.73726
23.24414	29.67459
23.398	29.61274
23.55378	29.55122
23.72254	29.48735
23.89616	29.41053
24.06396	29.33867
24.22599	29.26815
24.37924	29.191
24.53992	29.11758
24.70544	29.03902
24.87027	28.96356
25.04764	28.88758
25.2212	28.80781
25.3719	28.73327
25.5352	28.66114
25.70688	28.58757
25.86432	28.51246
26.02296	28.43999
26.18335	28.36655
26.34596	28.29619
26.51573	28.22561
26.67592	28.15039
26.84103	28.07723
27.00877	28.00784
27.17626	27.93901
27.34932	27.87243
27.51064	27.7981
27.67261	27.73039
27.83433	27.6558
27.99501	27.59121
28.16189	27.51852
28.33464	27.45122
28.49414	27.38086
28.65119	27.31849
28.81592	27.25406
28.98828	27.18622
29.15045	27.12037
29.30453	27.05525
29.46942	26.98809
29.64103	26.92534
29.8124	26.85761
29.9767	26.79974
30.13427	26.73207
30.30545	26.67006
30.47556	26.6059
32.09142	26.04836
32.14108	25.99081
32.28158	25.93442
32.44048	25.8777
32.59805	25.81795
32.76955	25.76205
32.93355	25.70175
33.09263	25.64639
33.25979	25.58688
33.42199	25.53342
33.57522	25.47091
33.7397	25.42045
33.90754	25.36417
34.07437	25.31036
34.23515	25.25333
34.39554	25.20045
34.5596	25.15043
34.73298	25.09263
34.89454	25.03747
35.05238	24.98519
35.2178	24.93445
35.38475	24.87838
35.54485	24.82585
35.70802	24.7672
35.87297	24.72126
36.03322	24.66796
36.20708	24.61561
36.37296	24.56092
36.52929	24.51201
36.6913	24.46457
36.85868	24.4157
37.01585	24.35959
37.18211	24.31032
37.35403	24.26491
37.50436	24.21177
37.66686	24.16144
37.84147	24.11677
37.9957	24.06831
38.15646	24.01633
38.32047	23.96738
38.47489	23.92107
38.64309	23.87304
38.80972	23.8251
38.96578	23.77349
39.13157	23.73241
39.29727	23.68219
39.45597	23.63862
39.61988	23.59074
39.78083	23.54531
39.93788	23.50227
40.09977	23.45219
40.26336	23.40964
40.42313	23.36705
40.59239	23.31745
40.7623	23.2726
40.92067	23.22535
41.07812	23.18328
42.69981	22.78916
42.74939	22.75512
42.86204	22.71747
43.02128	22.67781
43.17404	22.63104
43.33796	22.5877
43.50254	22.55048
43.6539	22.51107
43.81205	22.46844
43.97371	22.42858
44.13671	22.38757
44.29774	22.35127
44.45864	22.30935
44.62296	22.27331
44.7762	22.23554
44.93376	22.1938
45.09626	22.15719
45.24949	22.12168
45.41216	22.08321
45.5733	22.04041
45.73969	22.00745
45.89886	21.97037
46.04955	21.92767
46.2086	21.89118
46.36993	21.85712
46.5326	21.81829
46.68611	21.7862
46.84647	21.74871
47.01072	21.71891
47.17215	21.672
47.33273	21.63898
47.49111	21.60388
47.65282	21.56564
47.81047	21.52783
47.96293	21.49155
48.1239	21.45358
48.29504	21.41904
48.4544	21.38609
48.6073	21.34649
48.77589	21.31318
48.94151	21.27681
49.09749	21.24171
49.25075	21.20565
49.41508	21.16818
49.58446	21.13231
49.74756	21.10058
49.90404	21.06671
50.06549	21.02951
50.23382	21.00178
50.38514	20.95805
50.53659	20.92759
50.69881	20.89367
50.8585	20.8533
51.01656	20.82652
51.18318	20.7867
51.34439	20.75622
51.50147	20.72082
51.66355	20.68913
53.2414	20.388
53.29392	20.36206
53.42619	20.32906
53.57764	20.29678
53.73043	20.26382
53.89152	20.231
54.05832	20.20399
54.223	20.16942
54.38891	20.13418
54.54556	20.10591
54.69915	20.07158
54.87013	20.03697
55.03816	20.0075
55.19519	19.96912
55.34593	19.94064
55.50335	19.91179
55.67086	19.87966
55.83448	19.849
56.00025	19.81476
56.16845	19.78643
56.33389	19.75402
56.49708	19.72502
56.65496	19.69438
56.81721	19.65975
56.97199	19.63153
57.12607	19.60046
57.29147	19.57287
57.45835	19.54306
57.61798	19.51392
57.7823	19.48114
57.93958	19.44963
58.08569	19.42146
58.24553	19.39603
58.41963	19.36796
58.58847	19.33513
58.7358	19.30856
58.8981	19.27478
59.07061	19.24602
59.23256	19.22174
59.38825	19.19064
59.54616	19.16181
59.71068	19.12991
59.87711	19.10808
60.03201	19.07592
60.19521	19.04793
60.37123	19.01913
60.52254	18.99198
60.68312	18.96456
60.84228	18.93752
60.99268	18.91117
61.15923	18.88133
61.33349	18.85347
61.5017	18.83202
61.65847	18.80535
61.81334	18.77592
61.96993	18.74546
62.13338	18.72274
63.74816	18.47393
63.79156	18.45178
63.91447	18.42927
64.06742	18.3994
64.23121	18.37215
64.40487	18.35191
64.56789	18.32733
64.72468	18.30244
64.87777	18.27475
65.03517	18.25197
65.19687	18.22716
65.35528	18.19912
65.52625	18.1792
65.68945	18.1552
65.84141	18.12616
66.01258	18.1014
66.17743	18.07863
66.33592	18.05392
66.49821	18.03096
66.65567	18.00854
66.81951	17.98608
66.98249	17.96007
67.14683	17.93783
67.31752	17.91266
67.47229	17.88767
67.62806	17.86464
67.79704	17.84072
67.9615	17.81767
68.11357	17.79033
68.27042	17.76306
68.44452	17.74482
68.61123	17.72474
68.76649	17.69705
68.93327	17.67442
69.09993	17.65311
69.26033	17.62839
69.41873	17.60439
69.5725	17.58246
69.74121	17.55653
69.90994	17.53912
70.06918	17.51717
70.2299	17.49362
70.38619	17.47223
70.53926	17.45056
70.70125	17.43277
70.867	17.40628
71.02985	17.37702
71.19064	17.36298
71.34935	17.33938
71.52197	17.31735
71.68791	17.29185
71.84703	17.27338
72.01225	17.25366
72.1684	17.22609
72.32447	17.20718
72.49562	17.18163
72.66523	17.15864
74.26347	16.96844
74.31558	16.95189
74.44339	16.923
74.60106	16.91032
74.76987	16.8931
74.93466	16.86436
75.09307	16.85052
75.25917	16.83158
75.42668	16.80709
75.58205	16.79093
75.73558	16.7685
75.90792	16.74768
76.07208	16.72835
76.23286	16.71583
76.40225	16.69306
76.55699	16.66777
76.72023	16.64793
76.88718	16.63279
77.04561	16.61011
77.20401	16.59249
77.36477	16.57396
77.53161	16.55372
77.69471	16.53207
77.85215	16.50948
78.01689	16.4928
78.18348	16.47474
78.34444	16.45622
78.5075	16.43542
78.66994	16.41227
78.83472	16.39358
78.9952	16.37255
79.15846	16.34961
79.32687	16.33458
79.48798	16.31801
79.64895	16.29566
79.8115	16.27895
79.97338	16.26226
80.1363	16.24093
80.30475	16.22326
80.47148	16.20105
80.63321	16.18637
80.79637	16.16701
80.95693	16.14615
81.11461	16.1315
81.28252	16.11152
81.44954	16.09035
81.60538	16.07213
81.76585	16.04967
81.9311	16.03903
82.09574	16.01945
82.25727	16.00337
82.42117	15.98104
82.58824	15.96306
82.75267	15.94713
82.91339	15.92662
83.07396	15.90787
83.24211	15.89221
85.15469	15.69148
85.23613	15.67829
85.37875	15.65982
85.54057	15.64148
85.70432	15.62393
85.86247	15.61041
86.02534	15.59419
86.19706	15.57225
86.36433	15.5583
86.52717	15.53997
86.69045	15.52605
86.85332	15.50364
87.02266	15.48562
87.19044	15.47101
87.35312	15.45304
87.50438	15.43506
87.66725	15.42479
87.84723	15.40428
88.00961	15.38286
88.16805	15.37114
88.33749	15.35117
88.50587	15.33854
88.66641	15.32416
88.83079	15.30132
88.99632	15.29054
89.15973	15.27039
89.32829	15.25857
89.4977	15.23808
89.66078	15.22666
89.82331	15.208
89.98739	15.19358
90.15629	15.17912
90.32	15.16497
90.48199	15.14853
90.6487	15.13225
90.81406	15.11434
90.97926	15.09815
91.1422	15.08128
91.30502	15.06608
91.47162	15.04785
91.63913	15.03971
91.80273	15.01675
91.9639	15.00479
92.12646	14.98786
92.29208	14.9753
92.45741	14.95953
92.6214	14.94372
92.78439	14.93234
92.93274	14.91174
93.09624	14.8938
93.27598	14.8819
93.44192	14.86992
93.60592	14.84919
93.76993	14.83353
95.7029	14.66689
95.76507	14.64942
95.89389	14.6392
96.05553	14.6217
96.2315	14.54975
96.39948	14.59406
96.56338	14.57922
96.72343	14.5642
96.88879	14.55456
97.05083	14.53898
97.20842	14.52139
97.36689	14.50773
97.53701	14.4912
97.69879	14.48012
97.85179	14.46083
98.017	14.45371
98.18127	14.43586
98.35186	14.42418
98.52091	14.40917
98.68232	14.39721
98.84557	14.38307
99.00766	14.37039
99.17085	14.35752
99.33967	14.34507
99.50769	14.3322
99.66379	14.31521
99.8266	14.30024
99.99838	14.28527
100.16262	14.26582
100.32978	14.25598
100.49982	14.24536
100.66238	14.22967
100.82363	14.21822
100.98127	14.20509
101.13963	14.19252
101.30996	14.18142
101.47736	14.16395
101.64748	14.15116
101.81865	14.13699
101.97734	14.12627
102.13162	14.11123
102.29737	14.09595
102.47161	14.08018
102.63778	14.06735
102.80576	14.05371
102.9701	14.04391
103.13686	14.03024
103.30048	14.01885
103.46206	14.00885
103.63183	13.99198
103.80101	13.97685
103.96163	13.96693
104.11685	13.95484
104.27728	13.94233
105.92245	13.82574
105.97071	13.81282
106.10297	13.79881
106.2704	13.78959
106.44835	13.77488
106.62019	13.76567
106.77993	13.75467
106.94133	13.74159
107.10191	13.72754
107.27056	13.71776
107.43757	13.70331
107.60327	13.69161
107.77409	13.68153
107.94501	13.66355
108.10884	13.65341
108.26921	13.64289
108.43957	13.6274
108.60445	13.61284
108.76479	13.60928
108.93122	13.59557
109.09414	13.58658
109.25988	13.56816
109.43076	13.55704
109.60231	13.54685
109.77192	13.5317
109.93626	13.51825
110.10181	13.504
110.26686	13.49308
110.42663	13.48696
110.59844	13.47349
110.77307	13.46143
110.93747	13.44708
111.09235	13.43452
111.25881	13.42829
111.42572	13.41422
111.59392	13.40061
111.77105	13.3896
111.93017	13.37964
112.09436	13.36735
112.25787	13.35841
112.41508	13.34966
112.58434	13.33662
112.75213	13.32253
112.91487	13.30822
113.08416	13.29707
113.25109	13.28518
113.41319	13.2723
113.575	13.26133
113.73834	13.24706
113.91592	13.23801
114.08744	13.22829
114.23862	13.21982
114.402	13.20623
114.58125	13.19635
114.74884	13.18566
114.90594	13.17569
116.53292	13.06847
116.60177	13.05246
116.74263	13.03934
116.90679	13.03337
117.06698	13.02651
117.23986	13.01648
117.40794	12.98833
117.56601	12.99611
117.72607	12.98797
117.89128	12.97351
118.06846	12.96719
118.23366	12.95402
118.39041	12.94098
118.55658	12.93041
118.72153	12.91357
118.88554	12.90803
119.05225	12.89907
119.23006	12.88913
119.39764	12.87614
119.55534	12.86817
119.72343	12.86142
119.88815	12.85052
120.04972	12.84318
120.22613	12.83047
120.39468	12.81589
120.5598	12.79916
120.72846	12.79494
120.89219	12.78698
121.06049	12.77577
121.21806	12.76947
121.38568	12.75737
121.55458	12.74591
121.715	12.73834
121.87934	12.72924
122.04521	12.71795
122.22127	12.70422
122.39434	12.69873
122.55355	12.68191
122.71027	12.67224
122.87695	12.66904
123.04506	12.65492
123.20906	12.6436
123.37592	12.63639
123.5444	12.62647
123.71894	12.62058
123.87828	12.60699
124.04076	12.59652
124.21191	12.58524
124.37449	12.57899
124.54182	12.57041
124.70831	12.55604
124.88029	12.54658
125.05149	12.53896
125.21901	12.524
125.38638	12.51555
125.54965	12.5071
127.20052	12.42472
127.24514	12.41222
127.3719	12.40142
127.53869	12.39313
127.71107	12.38221
127.87417	12.37705
128.03339	12.36386
128.20148	12.35857
128.37147	12.34962
128.54598	12.33938
128.71346	12.32608
128.86527	12.31928
129.02111	12.30927
129.19065	12.30319
129.35978	12.29
129.52139	12.27798
129.69231	12.27791
129.85925	12.25949
130.01887	12.25132
130.19429	12.24467
130.3705	12.23448
130.52982	12.22837
130.6945	12.21652
130.86716	12.20841
131.03148	12.19418
131.19603	12.19093
131.36085	12.1816
131.52732	12.17096
131.69837	12.16244
131.86464	12.15601
132.02853	12.14554
132.19783	12.13735
132.36275	12.12737
132.5319	12.11938
132.69624	12.1065
132.86005	12.09843
133.03122	12.09248
133.19591	12.08215
133.36597	12.07472
133.5267	12.06527
133.68414	12.05619
133.85886	12.04332
134.03175	12.04113
134.19514	12.02799
134.35958	12.02247
134.52614	12.01381
134.68621	12.00199
134.85719	11.99848
135.02872	11.98418
135.187	11.97985
135.35938	11.96946
135.53139	11.96212
135.70042	11.95577
135.86939	11.94405
136.02271	11.92877
136.18616	11.92477
137.84213	11.85025
137.89775	11.83989
138.03546	11.83004
138.19949	11.79713
138.36198	11.81787
138.52625	11.80854
138.70065	11.8027
138.87315	11.7923
139.03781	11.78429
139.20515	11.7721
139.36131	11.76829
139.52929	11.76051
139.7	11.75107
139.86652	11.74297
140.03243	11.73464
140.19562	11.73072
140.36634	11.71833
140.53491	11.7123
140.70248	11.70467
140.85838	11.69541
141.01678	11.69272
141.19535	11.68062
141.37097	11.67553
141.52807	11.66831
141.69613	11.66257
141.86607	11.64972
142.02767	11.64373
142.1944	11.63637
142.36414	11.62496
142.52843	11.61839
142.69541	11.61039
142.87122	11.60159
143.03593	11.59265
143.19183	11.59152
143.35979	11.57746
143.52998	11.57254
143.7	11.56534
143.86855	11.55208
144.03442	11.54602
144.20408	11.53597
144.37347	11.53239
144.54032	11.52638
144.70042	11.51511
144.86181	11.5128
145.02796	11.49988
145.20193	11.49392
145.37373	11.48637
145.53522	11.48086
145.69347	11.46971
145.86368	11.46521
146.03288	11.45137
146.20039	11.44843
146.37412	11.44313
146.5294	11.43568
146.68758	11.42799
148.3647	11.3573
148.409	11.3504
148.54015	11.34487
148.70371	11.33547
148.85672	11.32689
149.03001	11.3223
149.2092	11.3165
149.36848	11.31327
149.53354	11.3
149.69611	11.29651
149.85885	11.28913
150.0286	11.27966
150.19286	11.27406
150.35509	11.26872
150.51966	11.25947
150.69383	11.25394
150.86301	11.24801
151.02512	11.23696
151.1858	11.23442
151.35806	11.22564
151.53277	11.21705
151.68825	11.2049
151.85512	11.20841
152.02675	11.19715
152.18775	11.19279
152.34669	11.18655
152.50939	11.17941
152.68076	11.17076
152.84818	11.16392
153.0208	11.15493
153.19173	11.15076
153.35342	11.14608
153.51924	11.13511
153.68542	11.10615
153.84653	11.12562
154.00329	11.12084
154.17233	11.11212
154.33599	11.10079
154.5012	11.09795
154.66991	11.08716
154.82902	11.08164
155.00442	11.07298
155.17355	11.06878
155.32716	11.06199
155.49168	11.05212
155.65858	11.04222
155.82032	11.03789
155.99146	11.03499
156.16264	11.02354
156.32735	11.02478
156.49059	11.01443
156.65136	11.00711
156.82269	11.00354
157.00101	10.99501
157.1673	10.98684
157.33098	10.98164
158.97606	10.92833
159.01646	10.91556
159.13976	10.9112
159.30511	10.90486
159.47999	10.89594
159.65052	10.89307
159.80779	10.88427
159.96728	10.88041
160.12869	10.87311
160.29648	10.8694
160.46494	10.86009
160.62746	10.85654
160.80441	10.85131
160.97083	10.84338
161.12624	10.83947
161.29685	10.83574
161.46119	10.82472
161.63435	10.8194
161.80612	10.81291
161.95934	10.81173
162.12368	10.79823
162.30185	10.79088
162.47067	10.78789
162.63328	10.7813
162.79872	10.775
162.96125	10.77092
163.12182	10.76567
163.28105	10.75678
163.4514	10.74922
163.62592	10.74159
163.78771	10.73526
163.95323	10.73477
164.11876	10.72668
164.28646	10.72174
164.45416	10.71257
164.62243	10.70924
164.79272	10.70001
164.95733	10.69546
165.1254	10.6895
165.29328	10.68123
165.45406	10.68111
165.60712	10.67107
165.77907	10.65968
165.9562	10.65631
166.10838	10.65218
166.26523	10.64819
166.43309	10.64238
166.60047	10.63234
166.77365	10.63074
166.94598	10.62242
167.1087	10.61366
167.27285	10.60872
167.43217	10.60608
167.59729	10.60159
167.77129	10.59502
167.93249	10.58563
169.53476	10.53126
169.60813	10.52496
169.75677	10.52273
169.92181	10.51358
170.09341	10.50892
170.25912	10.50058
170.42551	10.50172
170.59385	10.4885
170.75127	10.48807
170.91579	10.48163
171.08643	10.47631
171.24471	10.47186
171.41003	10.46555
171.58043	10.45533
171.74819	10.4507
171.91106	10.45037
172.07867	10.43887
172.24462	10.4297
172.41496	10.43001
172.59016	10.42025
172.74336	10.41204
172.89989	10.40868
173.07809	10.40406
173.24244	10.39897
173.40602	10.38841
173.5694	10.39028
173.73325	10.38169
173.90664	10.37412
174.06969	10.36912
174.23361	10.36454
174.39972	10.35908
174.5703	10.35459
174.73066	10.35048
174.88832	10.33568
175.06463	10.33781
175.24049	10.32866
175.40115	10.32729
175.55836	10.31289
175.73008	10.30742
175.89542	10.30955
176.05708	10.29674
176.2292	10.29908
176.39322	10.29048
176.5545	10.28083
176.7247	10.27767
176.88478	10.2734
177.04517	10.26662
177.22261	10.26257
177.39046	10.2605
177.55015	10.25566
177.71678	10.24418
177.88374	10.24416
178.05535	10.24233
178.21952	10.23064
178.37361	10.22594
178.53511	10.21961
180.16382	10.16658
180.22566	10.16375
180.36971	10.15868
180.52926	10.14698
180.69799	10.14565
180.87027	10.13823
181.03943	10.14283
181.20673	10.13469
181.36736	10.12413
181.53065	10.12053
181.69444	10.11113
181.85799	10.10573
182.02806	10.09879
182.19238	10.0976
182.35184	10.09407
182.51802	10.08782
182.69328	10.08299
182.85957	10.07158
183.01138	10.07214
183.1839	10.06491
183.35222	10.05437
183.51833	10.05031
183.68829	10.04902
183.84766	10.0444
184.01447	10.03844
184.18375	10.03381
184.35152	10.03329
184.51929	10.02053
184.68502	10.02281
184.84828	10.01033
185.01143	10.01173
185.17749	9.99989
185.34089	9.99238
185.51041	9.99081
185.68147	9.98076
185.84196	9.98075
186.00809	9.97352
186.17183	9.96628
186.34057	9.96127
186.512	9.95944
186.67255	9.9564
186.83495	9.95164
186.99492	9.94274
187.16627	9.93793
187.34167	9.93125
187.50706	9.92779
187.66848	9.92381
187.83007	9.91236
187.99168	9.90818
188.16509	9.90041
188.34007	9.89955
188.49929	9.89168
188.65545	9.88841
188.82028	9.88488
188.99348	9.87587
189.16573	9.87208
190.81857	9.81941
190.86737	9.81449
190.99831	9.80957
191.15797	9.80058
191.31281	9.80257
191.47445	9.79832
191.64741	9.7885
191.81416	9.78731
191.97581	9.78371
192.13882	9.77382
192.31221	9.7724
192.48544	9.76293
192.64667	9.75449
192.81567	9.7547
192.97802	9.74742
193.13005	9.74189
193.30264	9.73471
193.4771	9.72848
193.63727	9.72633
193.79724	9.72223
193.96227	9.71614
194.12386	9.70851
194.29531	9.70776
194.47633	9.69678
194.63943	9.69411
194.79112	9.6882
194.958	9.68359
195.13116	9.67598
195.29943	9.67647
195.45634	9.66881
195.62036	9.66466
195.79693	9.65656
195.96089	9.64732
196.11865	9.64142
196.27976	9.63976
196.45744	9.63281
196.63101	9.63012
196.79028	9.62093
196.94698	9.62181
197.1092	9.61213
197.27175	9.61066
197.43501	9.60508
197.60256	9.60085
197.77123	9.59699
197.94283	9.58763
198.11472	9.57829
198.27496	9.57654
198.44447	9.56849
198.61966	9.56856
198.77935	9.56096
198.93768	9.55111
199.10722	9.54748
199.27373	9.5473
199.43599	9.53828
199.60505	9.53018
199.76553	9.53073
201.41989	9.48094
201.47463	9.47466
201.59811	9.46745
201.77003	9.45934
201.94022	9.45299
202.10356	9.45015
202.26386	9.44651
202.43209	9.44095
202.59985	9.42877
202.75263	9.4283
202.91248	9.422
203.08983	9.41649
203.26103	9.41093
203.41746	9.40718
203.57738	9.40188
203.74784	9.39475
203.91644	9.39098
204.07516	9.38289
204.24144	9.37977
204.411	9.37293
204.57605	9.3702
204.73937	9.36112
204.91586	9.35346
205.08392	9.35137
205.24886	9.34602
205.42239	9.33814
205.58931	9.33502
205.75559	9.33049
205.92104	9.32312
206.08403	9.31658
206.24325	9.30851
206.40492	9.30305
206.57195	9.29693
206.74432	9.2947
206.91285	9.28887
207.06938	9.28092
207.22748	9.27272
207.40376	9.26965
207.57964	9.26247
207.74658	9.258
207.90842	9.25333
208.0689	9.25055
208.23238	9.23742
208.39332	9.23613
208.56693	9.22661
208.73863	9.2244
208.89344	9.21626
209.06296	9.21529
209.23631	9.20775
209.39245	9.20356
209.55802	9.19706
209.72729	9.18933
209.89771	9.18737
210.0696	9.17079
210.22755	9.17254
210.38239	9.16821
