10.0078	28.45282
10.03328	28.46195
10.13418	28.52632
10.32644	28.67407
10.54876	28.86394
10.73956	29.04205
10.88826	29.19318
11.03121	29.30647
11.19196	29.43041
11.35703	29.56264
11.53052	29.70198
11.69234	29.83302
11.84124	29.95102
12.01804	30.0661
12.19632	30.18955
12.3634	30.31079
12.53424	30.43096
12.69764	30.53589
12.86158	30.64559
13.02551	30.75214
13.19783	30.85347
13.36945	30.96128
13.52947	31.05213
13.69612	31.1486
13.86398	31.23865
14.02681	31.32828
14.18919	31.41861
14.35344	31.49649
14.5231	31.58138
14.67953	31.6686
14.84787	31.74505
15.0185	31.82142
15.17737	31.895
15.33932	31.96477
15.50094	32.02913
15.65934	32.10553
15.79386	32.15736
15.92716	32.21141
16.08512	32.26456
16.28295	32.32544
16.49593	32.38642
16.68334	32.456
16.85215	32.5078
17.01355	32.56046
17.15919	32.60609
17.30324	32.64952
17.46531	32.69154
17.63635	32.73383
17.80614	32.77008
17.96659	32.80697
18.10767	32.8412
18.27291	32.87164
18.45544	32.90191
18.6313	32.9278
18.80781	32.9606
18.97052	32.97727
19.13049	32.99832
19.28779	33.01894
19.46007	33.03479
19.62734	33.05071
19.78123	33.05776
19.94415	33.07251
21.56171	33.08914
21.61525	33.11633
21.75608	33.14654
21.92372	33.18512
22.08463	33.23083
22.2572	33.28708
22.42146	33.34757
22.58002	33.40652
22.74734	33.47945
22.90398	33.54316
23.07336	33.61024
23.24414	33.68122
23.398	33.75157
23.55378	33.82183
23.72254	33.89509
23.89616	33.98363
24.06396	34.06687
24.22599	34.14894
24.37924	34.2392
24.53992	34.32553
24.70544	34.4184
24.87027	34.50806
25.04764	34.59883
25.2212	34.69464
25.3719	34.78464
25.5352	34.87219
25.70688	34.96192
25.86432	35.05403
26.02296	35.14335
26.18335	35.23433
26.34596	35.32194
26.51573	35.41027
26.67592	35.50489
26.84103	35.59741
27.00877	35.68559
27.17626	35.77351
27.34932	35.85896
27.51064	35.95484
27.67261	36.04264
27.83433	36.13985
27.99501	36.22445
28.16189	36.32013
28.33464	36.40919
28.49414	36.50274
28.65119	36.58608
28.81592	36.67258
28.98828	36.76409
29.15045	36.85335
29.30453	36.94205
29.46942	37.03398
29.64103	37.12029
29.8124	37.2139
29.9767	37.29426
30.13427	37.38867
30.30545	37.47559
30.47556	37.56596
32.09142	38.37003
32.14108	38.45499
32.28158	38.53861
32.44048	38.62308
32.59805	38.71246
32.76955	38.79646
32.93355	38.88749
33.09263	38.97143
33.25979	39.06206
33.42199	39.14386
33.57522	39.23992
33.7397	39.31781
33.90754	39.40505
34.07437	39.48883
34.23515	39.57801
34.39554	39.66105
34.5596	39.73993
34.73298	39.83148
34.89454	39.91923
35.05238	40.00275
35.2178	40.08416
35.38475	40.17451
35.54485	40.2595
35.70802	40.35484
35.87297	40.42984
36.03322	40.51719
36.20708	40.60336
36.37296	40.69378
36.52929	40.77496
36.6913	40.85404
36.85868	40.9358
37.01585	41.0301
37.18211	41.11325
37.35403	41.19019
37.50436	41.2806
37.66686	41.36659
37.84147	41.44321
37.9957	41.52666
38.15646	41.61653
38.32047	41.70153
38.47489	41.78226
38.64309	41.86632
38.80972	41.95057
38.96578	42.04163
39.13157	42.1144
39.29727	42.20372
39.45597	42.28151
39.61988	42.36732
39.78083	42.44907
39.93788	42.52681
40.09977	42.61761
40.26336	42.69508
40.42313	42.7729
40.59239	42.86388
40.7623	42.94649
40.92067	43.03385
41.07812	43.11958
42.69981	43.85754
42.74939	43.92315
42.86204	43.99594
43.02128	44.07289
43.17404	44.16396
43.33796	44.24869
43.50254	44.32174
43.6539	44.39933
43.81205	44.48356
43.97371	44.56263
44.13671	44.64426
44.29774	44.71677
44.45864	44.80078
44.62296	44.87328
44.7762	44.9495
44.93376	45.03403
45.09626	45.10845
45.24949	45.18085
45.41216	45.25956
45.5733	45.34746
45.73969	45.41537
45.89886	45.49203
46.04955	45.58059
46.2086	45.65659
46.36993	45.72772
46.5326	45.80912
46.68611	45.87658
46.84647	45.95566
47.01072	46.01872
47.17215	46.11832
47.33273	46.1887
47.49111	46.26375
47.65282	46.34578
47.81047	46.42719
47.96293	46.50555
48.1239	46.58786
48.29504	46.66299
48.4544	46.73489
48.6073	46.82159
48.77589	46.89476
48.94151	46.97493
49.09749	47.05254
49.25075	47.13255
49.41508	47.21598
49.58446	47.29613
49.74756	47.36726
49.90404	47.44341
50.06549	47.52732
50.23382        47.59007
50.38514	47.68938
50.53659	47.75879
50.69881	47.83632
50.8585	47.92893
51.01656	47.99056
51.18318	48.0825
51.34439	48.1531
51.50147	48.23538
51.66355	48.30926
53.2414	49.02278
53.29392	49.08523
53.42619	49.1649
53.57764	49.2431
53.73043	49.32319
53.89152	49.40322
54.05832	49.46925
54.223	49.55405
54.38891	49.64079
54.54556	49.71058
54.69915	49.79561
54.87013	49.88161
55.03816	49.95508
55.19519	50.05109
55.34593	50.1226
55.50335	50.19521
55.67086	50.27632
55.83448	50.354
56.00025	50.441
56.16845	50.51324
56.33389	50.59611
56.49708	50.67049
56.65496	50.74933
56.81721	50.83871
56.97199	50.91181
57.12607	50.99249
57.29147	51.06439
57.45835	51.14227
57.61798	51.21864
57.7823	51.30483
57.93958	51.38795
58.08569	51.46247
58.24553	51.52994
58.41963	51.60462
58.58847	51.69224
58.7358	51.76339
58.8981	51.85411
59.07061	51.93159
59.23256	51.99719
59.38825	52.08146
59.54616	52.1598
59.71068	52.24679
59.87711	52.30648
60.03201	52.39467
60.19521	52.47164
60.37123	52.55111
60.52254	52.62625
60.68312	52.70233
60.84228	52.77757
60.99268	52.85113
61.15923	52.93463
61.33349	53.01287
61.5017	53.07324
61.65847	53.14851
61.81334	53.23183
61.96993	53.31833
62.13338	53.38301
63.74816	54.10199
63.79156	54.16694
63.91447	54.2331
64.06742	54.32115
64.23121	54.40172
64.40487	54.46172
64.56789	54.53476
64.72468	54.60892
64.87777	54.69167
65.03517	54.75991
65.19687	54.83446
65.35528	54.91893
65.52625	54.97912
65.68945	55.05181
65.84141	55.13999
66.01258	55.21542
66.17743	55.28498
66.33592	55.36064
66.49821	55.43114
66.65567	55.50014
66.81951	55.56944
66.98249	55.6499
67.14683	55.71892
67.31752	55.7972
67.47229	55.87517
67.62806	55.94721
67.79704	56.02221
67.9615	56.09469
68.11357	56.18088
68.27042	56.26715
68.44452	56.32496
68.61123	56.38879
68.76649	56.477
68.93327	56.54932
69.09993	56.61758
69.26033	56.69696
69.41873	56.77426
69.5725	56.84509
69.74121	56.92905
69.90994	56.98554
70.06918	57.05695
70.2299	57.13377
70.38619	57.20371
70.53926	57.27474
70.70125	57.3332
70.867	57.42046
71.02985	57.51715
71.19064	57.56365
71.34935	57.64199
71.52197	57.71532
71.68791	57.80042
71.84703	57.86224
72.01225	57.92838
72.1684	58.02109
72.32447	58.08483
72.49562	58.17124
72.66523	58.24917
74.26347	58.90208
74.31558	58.95959
74.44339	59.06024
74.60106	59.10454
74.76987	59.16477
74.93466	59.2656
75.09307	59.31429
75.25917	59.38104
75.42668	59.46755
75.58205	59.5248
75.73558	59.60439
75.90792	59.67849
76.07208	59.74746
76.23286	59.79222
76.40225	59.87377
76.55699	59.96463
76.72023	60.03607
76.88718	60.09071
77.04561	60.17278
77.20401	60.23667
77.36477	60.30401
77.53161	60.37775
77.69471	60.45684
77.85215	60.53955
78.01689	60.60079
78.18348	60.66721
78.34444	60.7355
78.5075	60.81235
78.66994	60.89812
78.83472	60.96755
78.9952	61.04584
79.15846	61.13152
79.32687	61.18775
79.48798	61.24991
79.64895	61.33389
79.8115	61.39685
79.97338	61.45987
80.1363	61.5406
80.30475	61.60761
80.47148	61.69207
80.63321	61.74801
80.79637	61.82196
80.95693	61.90186
81.11461	61.95804
81.28252	62.0349
81.44954	62.1165
81.60538	62.18692
81.76585	62.27397
81.9311	62.31526
82.09574	62.39143
82.25727	62.45411
82.42117	62.54138
82.58824	62.61183
82.75267	62.67437
82.91339	62.75509
83.07396	62.82904
83.24211	62.89099
85.15469	63.69547
85.23613	63.74906
85.37875	63.82424
85.54057	63.89911
85.70432	63.97086
85.86247	64.02627
86.02534	64.09287
86.19706	64.18318
86.36433	64.24073
86.52717	64.31649
86.69045	64.37415
86.85332	64.4672
87.02266	64.54222
87.19044	64.60319
87.35312	64.67832
87.50438	64.75366
87.66725	64.79677
87.84723	64.88304
88.00961	64.9734
88.16805	65.02293
88.33749	65.10753
88.50587	65.16113
88.66641	65.22225
88.83079	65.31961
88.99632	65.36568
89.15973	65.45192
89.32829	65.50261
89.4977	65.59069
89.66078	65.63988
89.82331	65.72042
89.98739	65.78281
90.15629	65.84549
90.32	65.90691
90.48199	65.97844
90.6487	66.04945
90.81406	66.12771
90.97926	66.1986
91.1422	66.27264
91.30502	66.3395
91.47162	66.4199
91.63913	66.45581
91.80273	66.55744
91.9639	66.61048
92.12646	66.68572
92.29208	66.74167
92.45741	66.81201
92.6214	66.88271
92.78439	66.93367
92.93274	67.02613
93.09624	67.10687
93.27598	67.16054
93.44192	67.21465
93.60592	67.30846
93.76993	67.37954
95.7029	68.14508
95.76507	68.22635
95.89389	68.274
96.05553	68.35568
96.2315	68.69372
96.39948	68.48517
96.56338	68.55484
96.72343	68.62555
96.88879	68.671
97.05083	68.7446
97.20842	68.82786
97.36689	68.89267
97.53701	68.97129
97.69879	69.02405
97.85179	69.1161
98.017	69.15018
98.18127	69.23566
98.35186	69.29175
98.52091	69.36389
98.68232	69.42152
98.84557	69.48979
99.00766	69.55111
99.17085	69.61346
99.33967	69.67385
99.50769	69.73645
99.66379	69.81919
99.8266	69.89228
99.99838	69.96553
100.16262	70.06092
100.32978	70.10927
100.49982	70.16153
100.66238	70.23891
100.82363	70.29545
100.98127	70.36043
101.13963	70.42275
101.30996	70.4779
101.47736	70.56479
101.64748	70.62856
101.81865	70.69937
101.97734	70.75301
102.13162	70.82845
102.29737	70.90524
102.47161	70.98465
102.63778	71.04937
102.80576	71.11835
102.9701	71.16798
103.13686	71.23733
103.30048	71.29516
103.46206	71.34607
103.63183	71.43207
103.80101	71.50944
103.96163	71.56019
104.11685	71.62218
104.27728	71.68649
105.92245	72.29101
105.97071	72.35863
106.10297	72.43206
106.2704	72.48048
106.44835	72.55792
106.62019	72.60646
106.77993	72.66454
106.94133	72.73366
107.10191	72.80813
107.27056	72.86005
107.43757	72.93688
107.60327	72.99919
107.77409	73.05296
107.94501	73.14908
108.10884	73.20342
108.26921	73.25987
108.43957	73.34315
108.60445	73.4216
108.76479	73.44079
108.93122	73.51484
109.09414	73.56348
109.25988	73.66338
109.43076	73.72382
109.60231	73.77924
109.77192	73.86188
109.93626	73.93537
110.10181	74.01338
110.26686	74.07328
110.42663	74.10688
110.59844	74.18097
110.77307	74.24742
110.93747	74.32665
111.09235	74.39614
111.25881	74.43065
111.42572	74.50872
111.59392	74.58442
111.77105	74.64575
111.93017	74.70129
112.09436	74.77
112.25787	74.81999
112.41508	74.86905
112.58434	74.94226
112.75213	75.02154
112.91487	75.10219
113.08416	75.16516
113.25109	75.23244
113.41319	75.30543
113.575	75.36776
113.73834	75.4489
113.91592	75.50049
114.08744	75.556
114.23862	75.60437
114.402	75.68221
114.58125	75.73884
114.74884	75.80026
114.90594	75.85763
116.53292	76.48
116.60177	76.5738
116.74263	76.65084
116.90679	76.68593
117.06698	76.72631
117.23986	76.78543
117.40794	76.95186
117.56601	76.90582
117.72607	76.95404
117.89128	77.03979
118.06846	77.07732
118.23366	77.15567
118.39041	77.23346
118.55658	77.29659
118.72153	77.39739
118.88554	77.43061
119.05225	77.48436
119.23006	77.54416
119.39764	77.62236
119.55534	77.67043
119.72343	77.71122
119.88815	77.77713
120.04972	77.82158
120.22613	77.89867
120.39468	77.98727
120.5598	78.08923
120.72846	78.11499
120.89219	78.1636
121.06049	78.23217
121.21806	78.27081
121.38568	78.34504
121.55458	78.41547
121.715	78.46209
121.87934	78.51818
122.04521	78.58786
122.22127	78.67282
122.39434	78.70678
122.55355	78.81117
122.71027	78.87134
122.87695	78.89126
123.04506	78.97927
123.20906	79.04996
123.37592	79.09508
123.5444	79.15724
123.71894	79.19419
123.87828	79.27954
124.04076	79.34544
124.21191	79.41656
124.37449	79.45603
124.54182	79.51025
124.70831	79.60126
124.88029	79.66127
125.05149	79.70968
125.21901	79.80488
125.38638	79.85874
125.54965	79.91273
127.20052	80.44259
127.24514	80.52356
127.3719	80.59373
127.53869	80.64761
127.71107	80.71871
127.87417	80.75239
128.03339	80.83854
128.20148	80.87314
128.37147	80.93173
128.54598	80.99892
128.71346	81.08633
128.86527	81.13108
129.02111	81.19705
129.19065	81.23715
129.35978	81.32434
129.52139	81.404
129.69231	81.40446
129.85925	81.52673
130.01887	81.58114
130.19429	81.62546
130.3705	81.69339
130.52982	81.73422
130.6945	81.81354
130.86716	81.86784
131.03148	81.96341
131.19603	81.98527
131.36085	82.04807
131.52732	82.11979
131.69837	82.17727
131.86464	82.22077
132.02853	82.29165
132.19783	82.34714
132.36275	82.41496
132.5319	82.46924
132.69624	82.55698
132.86005	82.61207
133.03122	82.65275
133.19591	82.72341
133.36597	82.77431
133.5267	82.8391
133.68414	82.9015
133.85886	82.99013
134.03175	83.00523
134.19514	83.09587
134.35958	83.13406
134.52614	83.19396
134.68621	83.27588
134.85719	83.30026
135.02872	83.39964
135.187	83.42977
135.35938	83.50222
135.53139	83.55344
135.70042	83.59784
135.86939	83.67983
136.02271	83.78705
136.18616	83.81515
137.84213	84.34222
137.89775	84.41604
138.03546	84.48629
138.19949	84.72202
138.36198	84.57332
138.52625	84.64013
138.70065	84.68203
138.87315	84.75672
139.03781	84.81432
139.20515	84.90212
139.36131	84.92962
139.52929	84.98582
139.7	85.05411
139.86652	85.11275
140.03243	85.17315
140.19562	85.20161
140.36634	85.29172
140.53491	85.33566
140.70248	85.39122
140.85838	85.45888
141.01678	85.47851
141.19535	85.56707
141.37097	85.60439
141.52807	85.65735
141.69613	85.69953
141.86607	85.79405
142.02767	85.83813
142.1944	85.89244
142.36414	85.97677
142.52843	86.02535
142.69541	86.08468
142.87122	86.14993
143.03593	86.21636
143.19183	86.2248
143.35979	86.32951
143.52998	86.36619
143.7	86.41996
143.86855	86.51915
144.03442	86.56458
144.20408	86.63998
144.37347	86.66692
144.54032	86.71211
144.70042	86.79697
144.86181	86.8144
145.02796	86.91189
145.20193	86.95694
145.37373	87.01412
145.53522	87.05592
145.69347	87.14055
145.86368	87.17474
146.03288	87.28011
146.20039	87.30248
146.37412	87.34291
146.5294	87.39984
146.68758	87.45867
148.3647	88.00302
148.409	88.05647
148.54015	88.0994
148.70371	88.17248
148.85672	88.23925
149.03001	88.27503
149.2092	88.32025
149.36848	88.34552
149.53354	88.44923
149.69611	88.47659
149.85885	88.53441
150.0286	88.60873
150.19286	88.65275
150.35509	88.69473
150.51966	88.76759
150.69383	88.81121
150.86301	88.85808
151.02512	88.94549
151.1858	88.96552
151.35806	89.03512
151.53277	89.10332
151.68825	89.19998
151.85512	89.17199
152.02675	89.26172
152.18775	89.29643
152.34669	89.34623
152.50939	89.40329
152.68076	89.47256
152.84818	89.52735
153.0208	89.59955
153.19173	89.63302
153.35342	89.67064
153.51924	89.75901
153.68542	89.99303
153.84653	89.83557
154.00329	89.87418
154.17233	89.94469
154.33599	90.0365
154.5012	90.05953
154.66991	90.1472
154.82902	90.19207
155.00442	90.26262
155.17355	90.29688
155.32716	90.35233
155.49168	90.43299
155.65858	90.51406
155.82032	90.54959
155.99146	90.5734
156.16264	90.66746
156.32735	90.65725
156.49059	90.74242
156.65136	90.8028
156.82269	90.83228
157.00101	90.90272
157.1673	90.97034
157.33098	91.0134
158.97606	91.45736
159.01646	91.56434
159.13976	91.60092
159.30511	91.65421
159.47999	91.72922
159.65052	91.75341
159.80779	91.82763
159.96728	91.86018
160.12869	91.92189
160.29648	91.95326
160.46494	92.03208
160.62746	92.06213
160.80441	92.10649
160.97083	92.1739
161.12624	92.20717
161.29685	92.23885
161.46119	92.33276
161.63435	92.37819
161.80612	92.43361
161.95934	92.44373
162.12368	92.55932
162.30185	92.62236
162.47067	92.648
162.63328	92.70459
162.79872	92.75887
162.96125	92.79398
163.12182	92.83926
163.28105	92.91598
163.4514	92.98128
163.62592	93.04738
163.78771	93.10224
163.95323	93.10646
164.11876	93.17668
164.28646	93.21961
164.45416	93.29945
164.62243	93.32843
164.79272	93.40897
164.95733	93.44866
165.1254	93.50077
165.29328	93.57318
165.45406	93.57419
165.60712	93.66228
165.77907	93.76232
165.9562	93.79194
166.10838	93.82836
166.26523	93.86354
166.43309	93.91477
166.60047	94.00345
166.77365	94.01759
166.94598	94.09118
167.1087	94.16892
167.27285	94.21273
167.43217	94.23619
167.59729	94.27605
167.77129	94.33458
167.93249	94.41821
169.53476	94.90566
169.60813	94.96245
169.75677	94.98265
169.92181	95.0653
170.09341	95.1074
170.25912	95.18301
170.42551	95.17265
170.59385	95.2926
170.75127	95.2965
170.91579	95.35508
171.08643	95.40348
171.24471	95.44405
171.41003	95.50156
171.58043	95.5949
171.74819	95.63731
171.91106	95.64033
172.07867	95.74568
172.24462	95.8298
172.41496	95.82696
172.59016	95.91676
172.74336	95.99235
172.89989	96.02335
173.07809	96.06604
173.24244	96.11305
173.40602	96.21069
173.5694	96.19344
173.73325	96.273
173.90664	96.34323
174.06969	96.38973
174.23361	96.43231
174.39972	96.48314
174.5703	96.52497
174.73066	96.56329
174.88832	96.70159
175.06463	96.68167
175.24049	96.76731
175.40115	96.78009
175.55836	96.91522
175.73008	96.9667
175.89542	96.94663
176.05708	97.06729
176.2292	97.04521
176.39322	97.1263
176.5545	97.21753
176.7247	97.24742
176.88478	97.28776
177.04517	97.35204
177.22261	97.39044
177.39046	97.41012
177.55015	97.45608
177.71678	97.56529
177.88374	97.56551
178.05535	97.58294
178.21952	97.69444
178.37361	97.73935
178.53511	97.7999
180.16382	98.31003
180.22566	98.33739
180.36971	98.38644
180.52926	98.49994
180.69799	98.51283
180.87027	98.58491
181.03943	98.54015
181.20673	98.61937
181.36736	98.72219
181.53065	98.75729
181.69444	98.84911
181.85799	98.90199
182.02806	98.96996
182.19238	98.98162
182.35184	99.0162
182.51802	99.07752
182.69328	99.12504
182.85957	99.23733
183.01138	99.23176
183.1839	99.30309
183.35222	99.40721
183.51833	99.44733
183.68829	99.46005
183.84766	99.50589
184.01447	99.5649
184.18375	99.61082
184.35152	99.61599
184.51929	99.74289
184.68502	99.72014
184.84828	99.84449
185.01143	99.83051
185.17749	99.94877
185.34089	100.02386
185.51041	100.03962
185.68147	100.14033
185.84196	100.14038
186.00809	100.21299
186.17183	100.28578
186.34057	100.33624
186.512	100.35469
186.67255	100.38536
186.83495	100.43336
186.99492	100.52325
187.16627	100.57186
187.34167	100.63953
187.50706	100.67464
187.66848	100.71502
187.83007	100.83137
187.99168	100.87383
188.16509	100.953
188.34007	100.96178
188.49929	101.04208
188.65545	101.07552
188.82028	101.1116
188.99348	101.20388
189.16573	101.24278
190.81857	101.78583
190.86737	101.83685
190.99831	101.88792
191.15797	101.98133
191.31281	101.96066
191.47445	102.00492
191.64741	102.10721
191.81416	102.11965
191.97581	102.15725
192.13882	102.26052
192.31221	102.27546
192.48544	102.37464
192.64667	102.46318
192.81567	102.46102
192.97802	102.53755
193.13005	102.59579
193.30264	102.67142
193.4771	102.73714
193.63727	102.75984
193.79724	102.8032
193.96227	102.86764
194.12386	102.94854
194.29531	102.95641
194.47633	103.07305
194.63943	103.10145
194.79112	103.16425
194.958	103.21345
195.13116	103.29463
195.29943	103.28941
195.45634	103.37116
195.62036	103.41559
195.79693	103.50231
195.96089	103.60143
196.11865	103.66491
196.27976	103.68266
196.45744	103.75753
196.63101	103.78648
196.79028	103.88567
196.94698	103.8761
197.1092	103.98073
197.27175	103.99669
197.43501	104.05711
197.60256	104.10288
197.77123	104.14483
197.94283	104.24641
198.11472	104.34807
198.27496	104.36722
198.44447	104.45501
198.61966	104.4542
198.77935	104.53721
198.93768	104.64502
199.10722	104.68488
199.27373	104.68683
199.43599	104.78586
199.60505	104.8749
199.76553	104.86879
201.41989	105.41957
201.47463	105.48939
201.59811	105.56979
201.77003	105.6603
201.94022	105.73124
202.10356	105.76303
202.26386	105.80375
202.43209	105.86608
202.59985	106.00284
202.75263	106.00809
202.91248	106.07899
203.08983	106.14105
203.26103	106.20378
203.41746	106.24609
203.57738	106.30606
203.74784	106.38664
203.91644	106.42938
204.07516	106.52116
204.24144	106.55659
204.411	106.63437
204.57605	106.66544
204.73937	106.76887
204.91586	106.85635
205.08392	106.88024
205.24886	106.94138
205.42239	107.03167
205.58931	107.06736
205.75559	107.1194
205.92104	107.20412
206.08403	107.27936
206.24325	107.37229
206.40492	107.43535
206.57195	107.50605
206.74432	107.53184
206.91285	107.59933
207.06938	107.69154
207.22748	107.78681
207.40376	107.82241
207.57964	107.90602
207.74658	107.95817
207.90842	108.01267
208.0689	108.04505
208.23238	108.19871
208.39332	108.21373
208.56693	108.32542
208.73863	108.3514
208.89344	108.44713
209.06296	108.45853
209.23631	108.54729
209.39245	108.59669
209.55802	108.67345
209.72729	108.76484
209.89771	108.78806
210.0696	108.98473
210.22755	108.96397
210.38239	109.01547